1 initial model in hydrostatic and thermal balance

 Solar Model for Time-Dependent Convection NRN 96-1                                 256 zones

     total luminosity= 3.8260E+33 total mass= 1.9910E+33 effective temp.= 5.7700E+03
       photospheric radius= 6.9605E+10 core radius= 2.4205E+10 core lum.= 3.8205E+33
 irad= 1 noburn= 0 onemq0= 1.000E+00 onemq1= 1.000E+00 rlums= 3.826E+33 rlumc= 3.826E+27
   i   radius     temp     sp.vol   pressure     g1       g3m1     opacity   dlkdlr    dlkdlt      cv       frft    int.mass
  258 2.420E+10 6.976E+06 6.411E-02 1.353E+16 1.666E+00 6.646E-01 4.455E+00 6.596E-01-3.102E+00 2.029E+08 9.989E-01 9.955E+32
    1 2.504E+10 6.165E+06 1.282E-01 6.119E+15 1.666E+00 6.643E-01 4.105E+00 6.865E-01-3.122E+00 2.032E+08 9.989E-01 1.045E+33
    2 2.585E+10 5.982E+06 1.402E-01 5.437E+15 1.666E+00 6.643E-01 4.240E+00 6.908E-01-3.134E+00 2.032E+08 9.992E-01 1.092E+33
    3 2.664E+10 5.809E+06 1.532E-01 4.841E+15 1.666E+00 6.643E-01 4.373E+00 6.950E-01-3.145E+00 2.032E+08 9.994E-01 1.137E+33
    4 2.741E+10 5.645E+06 1.671E-01 4.319E+15 1.666E+00 6.643E-01 4.503E+00 6.989E-01-3.155E+00 2.032E+08 9.996E-01 1.179E+33
    5 2.817E+10 5.490E+06 1.822E-01 3.860E+15 1.666E+00 6.643E-01 4.630E+00 7.027E-01-3.164E+00 2.031E+08 9.997E-01 1.220E+33
    6 2.891E+10 5.342E+06 1.983E-01 3.455E+15 1.666E+00 6.643E-01 4.755E+00 7.063E-01-3.173E+00 2.031E+08 9.998E-01 1.258E+33
    7 2.964E+10 5.201E+06 2.157E-01 3.097E+15 1.666E+00 6.643E-01 4.878E+00 7.097E-01-3.182E+00 2.031E+08 9.998E-01 1.294E+33
    8 3.036E+10 5.067E+06 2.343E-01 2.781E+15 1.666E+00 6.643E-01 5.000E+00 7.130E-01-3.190E+00 2.031E+08 9.999E-01 1.329E+33
    9 3.107E+10 4.938E+06 2.543E-01 2.500E+15 1.666E+00 6.643E-01 5.119E+00 7.162E-01-3.198E+00 2.030E+08 9.999E-01 1.362E+33
   10 3.176E+10 4.815E+06 2.757E-01 2.251E+15 1.666E+00 6.643E-01 5.237E+00 7.192E-01-3.205E+00 2.030E+08 9.999E-01 1.393E+33
   11 3.245E+10 4.697E+06 2.987E-01 2.029E+15 1.666E+00 6.643E-01 5.354E+00 7.221E-01-3.212E+00 2.029E+08 9.999E-01 1.423E+33
   12 3.312E+10 4.583E+06 3.233E-01 1.832E+15 1.666E+00 6.643E-01 5.470E+00 7.249E-01-3.219E+00 2.029E+08 1.000E+00 1.451E+33
   13 3.379E+10 4.474E+06 3.496E-01 1.656E+15 1.666E+00 6.643E-01 5.585E+00 7.276E-01-3.225E+00 2.029E+08 1.000E+00 1.478E+33
   14 3.445E+10 4.369E+06 3.777E-01 1.498E+15 1.666E+00 6.643E-01 5.699E+00 7.302E-01-3.232E+00 2.028E+08 1.000E+00 1.504E+33
   15 3.510E+10 4.268E+06 4.077E-01 1.357E+15 1.666E+00 6.643E-01 5.813E+00 7.327E-01-3.238E+00 2.028E+08 1.000E+00 1.528E+33
   16 3.574E+10 4.171E+06 4.397E-01 1.231E+15 1.666E+00 6.643E-01 5.926E+00 7.351E-01-3.244E+00 2.028E+08 1.000E+00 1.551E+33
   17 3.638E+10 4.077E+06 4.738E-01 1.117E+15 1.666E+00 6.643E-01 6.040E+00 7.374E-01-3.249E+00 2.027E+08 1.000E+00 1.573E+33
   18 3.700E+10 3.986E+06 5.101E-01 1.016E+15 1.666E+00 6.643E-01 6.155E+00 7.396E-01-3.255E+00 2.027E+08 1.000E+00 1.594E+33
   19 3.762E+10 3.898E+06 5.487E-01 9.241E+14 1.666E+00 6.643E-01 6.270E+00 7.418E-01-3.260E+00 2.026E+08 1.000E+00 1.613E+33
   20 3.824E+10 3.813E+06 5.898E-01 8.417E+14 1.666E+00 6.643E-01 6.386E+00 7.438E-01-3.265E+00 2.026E+08 1.000E+00 1.632E+33
   21 3.884E+10 3.731E+06 6.333E-01 7.674E+14 1.666E+00 6.643E-01 6.505E+00 7.458E-01-3.270E+00 2.026E+08 1.000E+00 1.650E+33
   22 3.944E+10 3.651E+06 6.795E-01 7.004E+14 1.666E+00 6.643E-01 6.625E+00 7.478E-01-3.275E+00 2.025E+08 1.000E+00 1.667E+33
   23 4.003E+10 3.573E+06 7.284E-01 6.399E+14 1.666E+00 6.643E-01 6.748E+00 7.497E-01-3.279E+00 2.025E+08 1.000E+00 1.683E+33
   24 4.062E+10 3.497E+06 7.802E-01 5.853E+14 1.666E+00 6.643E-01 6.876E+00 7.515E-01-3.284E+00 2.025E+08 1.000E+00 1.698E+33
   25 4.120E+10 3.424E+06 8.348E-01 5.358E+14 1.666E+00 6.643E-01 7.008E+00 7.532E-01-3.289E+00 2.024E+08 1.000E+00 1.713E+33
   26 4.177E+10 3.352E+06 8.924E-01 4.909E+14 1.666E+00 6.643E-01 7.145E+00 7.550E-01-3.293E+00 2.024E+08 1.000E+00 1.727E+33
   27 4.233E+10 3.282E+06 9.531E-01 4.503E+14 1.666E+00 6.643E-01 7.290E+00 7.566E-01-3.298E+00 2.024E+08 1.000E+00 1.740E+33
   28 4.289E+10 3.213E+06 1.017E+00 4.134E+14 1.666E+00 6.643E-01 7.443E+00 7.583E-01-3.302E+00 2.023E+08 1.000E+00 1.752E+33
   29 4.344E+10 3.145E+06 1.084E+00 3.799E+14 1.666E+00 6.643E-01 7.607E+00 7.599E-01-3.307E+00 2.023E+08 1.000E+00 1.764E+33
   30 4.398E+10 3.079E+06 1.154E+00 3.495E+14 1.666E+00 6.643E-01 7.785E+00 7.615E-01-3.311E+00 2.023E+08 1.000E+00 1.776E+33
   31 4.451E+10 3.013E+06 1.227E+00 3.218E+14 1.666E+00 6.643E-01 7.978E+00 7.630E-01-3.316E+00 2.022E+08 1.000E+00 1.786E+33
   32 4.504E+10 2.948E+06 1.303E+00 2.965E+14 1.666E+00 6.643E-01 8.192E+00 7.646E-01-3.321E+00 2.022E+08 1.000E+00 1.796E+33
   33 4.556E+10 2.883E+06 1.382E+00 2.735E+14 1.666E+00 6.643E-01 8.431E+00 7.661E-01-3.325E+00 2.022E+08 1.000E+00 1.806E+33
   34 4.607E+10 2.819E+06 1.464E+00 2.525E+14 1.666E+00 6.643E-01 8.702E+00 7.677E-01-3.330E+00 2.021E+08 1.000E+00 1.815E+33
   35 4.657E+10 2.753E+06 1.548E+00 2.333E+14 1.666E+00 6.643E-01 9.014E+00 7.692E-01-3.336E+00 2.021E+08 1.000E+00 1.824E+33
   36 4.706E+10 2.687E+06 1.634E+00 2.157E+14 1.666E+00 6.643E-01 9.379E+00 7.707E-01-3.341E+00 2.021E+08 1.000E+00 1.832E+33
   37 4.755E+10 2.619E+06 1.721E+00 1.997E+14 1.666E+00 6.644E-01 9.817E+00 7.723E-01-3.347E+00 2.021E+08 1.000E+00 1.840E+33
   38 4.802E+10 2.549E+06 1.808E+00 1.850E+14 1.666E+00 6.644E-01 1.035E+01 7.739E-01-3.353E+00 2.020E+08 1.000E+00 1.848E+33
   39 4.848E+10 2.474E+06 1.894E+00 1.715E+14 1.666E+00 6.644E-01 1.103E+01 7.755E-01-3.360E+00 2.020E+08 9.203E-01 1.855E+33
   40 4.893E+10 2.401E+06 1.981E+00 1.591E+14 1.666E+00 6.645E-01 1.178E+01 7.770E-01-3.367E+00 2.020E+08 8.276E-01 1.862E+33
   41 4.937E+10 2.331E+06 2.071E+00 1.477E+14 1.666E+00 6.645E-01 1.258E+01 7.784E-01-3.373E+00 2.020E+08 7.447E-01 1.868E+33
   42 4.980E+10 2.264E+06 2.165E+00 1.372E+14 1.666E+00 6.645E-01 1.342E+01 7.797E-01-3.379E+00 2.020E+08 6.706E-01 1.874E+33
   43 5.022E+10 2.199E+06 2.262E+00 1.276E+14 1.666E+00 6.645E-01 1.430E+01 7.810E-01-3.384E+00 2.020E+08 6.043E-01 1.880E+33
   44 5.062E+10 2.136E+06 2.362E+00 1.187E+14 1.666E+00 6.646E-01 1.525E+01 7.821E-01-3.389E+00 2.019E+08 5.449E-01 1.885E+33
   45 5.102E+10 2.076E+06 2.466E+00 1.105E+14 1.666E+00 6.646E-01 1.624E+01 7.831E-01-3.393E+00 2.019E+08 4.917E-01 1.891E+33
   46 5.141E+10 2.018E+06 2.573E+00 1.029E+14 1.666E+00 6.646E-01 1.730E+01 7.841E-01-3.398E+00 2.019E+08 4.439E-01 1.896E+33
   47 5.179E+10 1.962E+06 2.685E+00 9.588E+13 1.666E+00 6.646E-01 1.841E+01 7.850E-01-3.402E+00 2.019E+08 4.010E-01 1.900E+33
   48 5.216E+10 1.908E+06 2.800E+00 8.940E+13 1.666E+00 6.646E-01 1.959E+01 7.859E-01-3.405E+00 2.019E+08 3.625E-01 1.905E+33
   49 5.253E+10 1.856E+06 2.919E+00 8.340E+13 1.666E+00 6.646E-01 2.083E+01 7.867E-01-3.409E+00 2.019E+08 3.278E-01 1.909E+33
   50 5.288E+10 1.806E+06 3.042E+00 7.785E+13 1.666E+00 6.646E-01 2.215E+01 7.874E-01-3.412E+00 2.019E+08 2.967E-01 1.913E+33
   51 5.323E+10 1.757E+06 3.170E+00 7.269E+13 1.666E+00 6.646E-01 2.354E+01 7.881E-01-3.415E+00 2.019E+08 2.686E-01 1.917E+33
   52 5.357E+10 1.710E+06 3.302E+00 6.792E+13 1.666E+00 6.646E-01 2.501E+01 7.887E-01-3.418E+00 2.019E+08 2.433E-01 1.921E+33
   53 5.390E+10 1.664E+06 3.439E+00 6.348E+13 1.666E+00 6.646E-01 2.656E+01 7.893E-01-3.421E+00 2.019E+08 2.206E-01 1.924E+33
   54 5.422E+10 1.621E+06 3.580E+00 5.936E+13 1.666E+00 6.646E-01 2.819E+01 7.899E-01-3.424E+00 2.020E+08 2.000E-01 1.928E+33
   55 5.454E+10 1.578E+06 3.726E+00 5.553E+13 1.666E+00 6.645E-01 2.992E+01 7.904E-01-3.426E+00 2.020E+08 1.815E-01 1.931E+33
   56 5.484E+10 1.537E+06 3.877E+00 5.197E+13 1.666E+00 6.645E-01 3.174E+01 7.909E-01-3.428E+00 2.020E+08 1.647E-01 1.934E+33
   57 5.515E+10 1.497E+06 4.034E+00 4.865E+13 1.666E+00 6.645E-01 3.367E+01 7.913E-01-3.430E+00 2.020E+08 1.496E-01 1.937E+33
   58 5.544E+10 1.458E+06 4.195E+00 4.557E+13 1.666E+00 6.645E-01 3.570E+01 7.917E-01-3.433E+00 2.020E+08 1.359E-01 1.939E+33
   59 5.573E+10 1.421E+06 4.363E+00 4.270E+13 1.666E+00 6.644E-01 3.784E+01 7.921E-01-3.434E+00 2.020E+08 1.235E-01 1.942E+33
   60 5.601E+10 1.385E+06 4.536E+00 4.002E+13 1.666E+00 6.644E-01 4.009E+01 7.925E-01-3.436E+00 2.020E+08 1.123E-01 1.944E+33
   61 5.629E+10 1.350E+06 4.715E+00 3.752E+13 1.666E+00 6.644E-01 4.247E+01 7.928E-01-3.438E+00 2.021E+08 1.022E-01 1.947E+33
   62 5.656E+10 1.316E+06 4.900E+00 3.519E+13 1.666E+00 6.643E-01 4.498E+01 7.932E-01-3.440E+00 2.021E+08 9.300E-02 1.949E+33
   63 5.682E+10 1.282E+06 5.091E+00 3.302E+13 1.666E+00 6.643E-01 4.762E+01 7.935E-01-3.442E+00 2.021E+08 8.466E-02 1.951E+33
   64 5.708E+10 1.250E+06 5.288E+00 3.099E+13 1.666E+00 6.642E-01 5.041E+01 7.937E-01-3.443E+00 2.021E+08 7.711E-02 1.953E+33
   65 5.733E+10 1.219E+06 5.493E+00 2.909E+13 1.666E+00 6.642E-01 5.335E+01 7.940E-01-3.445E+00 2.022E+08 7.026E-02 1.955E+33
   66 5.758E+10 1.189E+06 5.704E+00 2.732E+13 1.666E+00 6.641E-01 5.644E+01 7.942E-01-3.446E+00 2.022E+08 6.404E-02 1.957E+33
   67 5.782E+10 1.160E+06 5.922E+00 2.566E+13 1.666E+00 6.641E-01 5.970E+01 7.945E-01-3.448E+00 2.022E+08 5.839E-02 1.958E+33
   68 5.806E+10 1.131E+06 6.148E+00 2.411E+13 1.666E+00 6.640E-01 6.313E+01 7.947E-01-3.449E+00 2.023E+08 5.326E-02 1.960E+33
   69 5.829E+10 1.104E+06 6.381E+00 2.266E+13 1.666E+00 6.640E-01 6.675E+01 7.949E-01-3.451E+00 2.023E+08 4.859E-02 1.962E+33
   70 5.852E+10 1.077E+06 6.622E+00 2.130E+13 1.666E+00 6.639E-01 7.055E+01 7.951E-01-3.453E+00 2.023E+08 4.435E-02 1.963E+33
   71 5.874E+10 1.051E+06 6.871E+00 2.003E+13 1.666E+00 6.638E-01 7.456E+01 7.953E-01-3.454E+00 2.024E+08 4.049E-02 1.964E+33
   72 5.896E+10 1.026E+06 7.128E+00 1.884E+13 1.666E+00 6.637E-01 7.878E+01 7.954E-01-3.456E+00 2.024E+08 3.698E-02 1.966E+33
   73 5.917E+10 1.001E+06 7.394E+00 1.773E+13 1.666E+00 6.637E-01 8.323E+01 7.956E-01-3.458E+00 2.025E+08 3.379E-02 1.967E+33
   74 5.938E+10 9.770E+05 7.669E+00 1.668E+13 1.666E+00 6.636E-01 8.791E+01 7.958E-01-3.459E+00 2.025E+08 3.087E-02 1.968E+33
   75 5.958E+10 9.537E+05 7.953E+00 1.570E+13 1.666E+00 6.635E-01 9.283E+01 7.959E-01-3.461E+00 2.026E+08 2.822E-02 1.969E+33
   76 5.978E+10 9.311E+05 8.246E+00 1.478E+13 1.666E+00 6.634E-01 9.802E+01 7.961E-01-3.463E+00 2.026E+08 2.580E-02 1.970E+33
   77 5.997E+10 9.090E+05 8.549E+00 1.392E+13 1.666E+00 6.633E-01 1.035E+02 7.962E-01-3.466E+00 2.027E+08 2.360E-02 1.971E+33
   78 6.016E+10 8.876E+05 8.862E+00 1.311E+13 1.666E+00 6.632E-01 1.092E+02 7.963E-01-3.468E+00 2.027E+08 2.159E-02 1.972E+33
   79 6.035E+10 8.668E+05 9.186E+00 1.235E+13 1.666E+00 6.631E-01 1.153E+02 7.965E-01-3.470E+00 2.028E+08 1.975E-02 1.973E+33
   80 6.053E+10 8.465E+05 9.520E+00 1.164E+13 1.666E+00 6.630E-01 1.216E+02 7.966E-01-3.473E+00 2.029E+08 1.808E-02 1.974E+33
   81 6.071E+10 8.267E+05 9.865E+00 1.097E+13 1.666E+00 6.628E-01 1.283E+02 7.967E-01-3.476E+00 2.029E+08 1.655E-02 1.975E+33
   82 6.089E+10 8.075E+05 1.022E+01 1.034E+13 1.666E+00 6.627E-01 1.354E+02 7.969E-01-3.479E+00 2.030E+08 1.515E-02 1.976E+33
   83 6.106E+10 7.888E+05 1.059E+01 9.745E+12 1.666E+00 6.626E-01 1.428E+02 7.970E-01-3.483E+00 2.031E+08 1.388E-02 1.977E+33
   84 6.122E+10 7.705E+05 1.097E+01 9.189E+12 1.666E+00 6.624E-01 1.506E+02 7.972E-01-3.487E+00 2.032E+08 1.271E-02 1.977E+33
   85 6.139E+10 7.528E+05 1.136E+01 8.666E+12 1.666E+00 6.623E-01 1.589E+02 7.973E-01-3.492E+00 2.032E+08 1.164E-02 1.978E+33
   86 6.155E+10 7.355E+05 1.177E+01 8.174E+12 1.665E+00 6.621E-01 1.676E+02 7.975E-01-3.496E+00 2.033E+08 1.067E-02 1.979E+33
   87 6.171E+10 7.187E+05 1.219E+01 7.711E+12 1.665E+00 6.620E-01 1.767E+02 7.977E-01-3.502E+00 2.034E+08 9.776E-03 1.979E+33
   88 6.186E+10 7.023E+05 1.262E+01 7.276E+12 1.665E+00 6.618E-01 1.863E+02 7.979E-01-3.508E+00 2.035E+08 8.959E-03 1.980E+33
   89 6.201E+10 6.863E+05 1.307E+01 6.866E+12 1.665E+00 6.616E-01 1.965E+02 7.981E-01-3.515E+00 2.036E+08 8.212E-03 1.980E+33
   90 6.216E+10 6.707E+05 1.353E+01 6.480E+12 1.665E+00 6.614E-01 2.072E+02 7.983E-01-3.522E+00 2.037E+08 7.527E-03 1.981E+33
   91 6.230E+10 6.555E+05 1.401E+01 6.117E+12 1.665E+00 6.612E-01 2.185E+02 7.986E-01-3.530E+00 2.038E+08 6.900E-03 1.981E+33
   92 6.245E+10 6.407E+05 1.450E+01 5.775E+12 1.665E+00 6.610E-01 2.304E+02 7.988E-01-3.540E+00 2.039E+08 6.323E-03 1.982E+33
   93 6.258E+10 6.263E+05 1.501E+01 5.453E+12 1.665E+00 6.608E-01 2.430E+02 7.991E-01-3.550E+00 2.040E+08 5.796E-03 1.982E+33
   94 6.272E+10 6.122E+05 1.553E+01 5.149E+12 1.665E+00 6.606E-01 2.563E+02 7.995E-01-3.561E+00 2.041E+08 5.314E-03 1.983E+33
   95 6.285E+10 5.985E+05 1.608E+01 4.863E+12 1.665E+00 6.603E-01 2.704E+02 7.999E-01-3.574E+00 2.043E+08 4.871E-03 1.983E+33
   96 6.298E+10 5.851E+05 1.664E+01 4.594E+12 1.665E+00 6.600E-01 2.852E+02 8.003E-01-3.588E+00 2.044E+08 4.465E-03 1.984E+33
   97 6.311E+10 5.720E+05 1.721E+01 4.340E+12 1.664E+00 6.598E-01 3.010E+02 8.007E-01-3.604E+00 2.046E+08 4.092E-03 1.984E+33
   98 6.324E+10 5.593E+05 1.781E+01 4.100E+12 1.664E+00 6.595E-01 3.176E+02 8.013E-01-3.621E+00 2.047E+08 3.749E-03 1.984E+33
   99 6.336E+10 5.469E+05 1.843E+01 3.874E+12 1.664E+00 6.592E-01 3.353E+02 8.018E-01-3.641E+00 2.049E+08 3.435E-03 1.985E+33
  100 6.348E+10 5.348E+05 1.906E+01 3.661E+12 1.664E+00 6.589E-01 3.541E+02 8.025E-01-3.662E+00 2.050E+08 3.146E-03 1.985E+33
  101 6.359E+10 5.230E+05 1.972E+01 3.460E+12 1.664E+00 6.585E-01 3.740E+02 8.032E-01-3.686E+00 2.052E+08 2.881E-03 1.985E+33
  102 6.371E+10 5.114E+05 2.040E+01 3.271E+12 1.664E+00 6.582E-01 3.953E+02 8.039E-01-3.712E+00 2.054E+08 2.637E-03 1.986E+33
  103 6.382E+10 5.002E+05 2.110E+01 3.092E+12 1.664E+00 6.578E-01 4.179E+02 8.048E-01-3.741E+00 2.056E+08 2.413E-03 1.986E+33
  104 6.393E+10 4.892E+05 2.183E+01 2.923E+12 1.663E+00 6.574E-01 4.420E+02 8.058E-01-3.773E+00 2.058E+08 2.206E-03 1.986E+33
  105 6.404E+10 4.785E+05 2.258E+01 2.764E+12 1.663E+00 6.570E-01 4.678E+02 8.068E-01-3.808E+00 2.060E+08 2.017E-03 1.986E+33
  106 6.415E+10 4.680E+05 2.335E+01 2.614E+12 1.663E+00 6.565E-01 4.954E+02 8.080E-01-3.847E+00 2.062E+08 1.842E-03 1.987E+33
  107 6.425E+10 4.578E+05 2.415E+01 2.472E+12 1.663E+00 6.561E-01 5.250E+02 8.093E-01-3.890E+00 2.064E+08 1.682E-03 1.987E+33
  108 6.435E+10 4.479E+05 2.497E+01 2.338E+12 1.662E+00 6.556E-01 5.568E+02 8.107E-01-3.936E+00 2.066E+08 1.534E-03 1.987E+33
  109 6.445E+10 4.381E+05 2.582E+01 2.211E+12 1.662E+00 6.551E-01 5.911E+02 8.122E-01-3.987E+00 2.069E+08 1.398E-03 1.987E+33
  110 6.455E+10 4.287E+05 2.670E+01 2.091E+12 1.662E+00 6.545E-01 6.281E+02 8.139E-01-4.043E+00 2.072E+08 1.273E-03 1.987E+33
  111 6.464E+10 4.194E+05 2.761E+01 1.978E+12 1.662E+00 6.540E-01 6.680E+02 8.157E-01-4.103E+00 2.075E+08 1.158E-03 1.988E+33
  112 6.474E+10 4.103E+05 2.854E+01 1.872E+12 1.661E+00 6.533E-01 7.114E+02 8.177E-01-4.168E+00 2.077E+08 1.051E-03 1.988E+33
  113 6.483E+10 4.015E+05 2.951E+01 1.771E+12 1.661E+00 6.527E-01 7.585E+02 8.199E-01-4.238E+00 2.081E+08 9.538E-04 1.988E+33
  114 6.492E+10 3.929E+05 3.051E+01 1.675E+12 1.661E+00 6.520E-01 8.098E+02 8.222E-01-4.314E+00 2.084E+08 8.644E-04 1.988E+33
  115 6.500E+10 3.844E+05 3.154E+01 1.585E+12 1.660E+00 6.513E-01 8.659E+02 8.247E-01-4.395E+00 2.087E+08 7.823E-04 1.988E+33
  116 6.509E+10 3.762E+05 3.261E+01 1.500E+12 1.660E+00 6.505E-01 9.272E+02 8.274E-01-4.482E+00 2.091E+08 7.069E-04 1.988E+33
  117 6.518E+10 3.682E+05 3.371E+01 1.420E+12 1.659E+00 6.497E-01 9.946E+02 8.302E-01-4.574E+00 2.095E+08 6.377E-04 1.988E+33
  118 6.526E+10 3.603E+05 3.485E+01 1.344E+12 1.659E+00 6.489E-01 1.069E+03 8.333E-01-4.671E+00 2.099E+08 5.742E-04 1.989E+33
  119 6.534E+10 3.526E+05 3.603E+01 1.272E+12 1.658E+00 6.480E-01 1.150E+03 8.365E-01-4.773E+00 2.103E+08 5.161E-04 1.989E+33
  120 6.542E+10 3.451E+05 3.724E+01 1.204E+12 1.658E+00 6.471E-01 1.241E+03 8.398E-01-4.880E+00 2.108E+08 4.631E-04 1.989E+33
  121 6.550E+10 3.378E+05 3.850E+01 1.139E+12 1.657E+00 6.461E-01 1.341E+03 8.433E-01-4.991E+00 2.112E+08 4.146E-04 1.989E+33
  122 6.557E+10 3.307E+05 3.979E+01 1.078E+12 1.656E+00 6.450E-01 1.452E+03 8.470E-01-5.106E+00 2.117E+08 3.705E-04 1.989E+33
  123 6.565E+10 3.237E+05 4.113E+01 1.021E+12 1.656E+00 6.439E-01 1.576E+03 8.508E-01-5.223E+00 2.123E+08 3.303E-04 1.989E+33
  124 6.572E+10 3.169E+05 4.252E+01 9.664E+11 1.655E+00 6.427E-01 1.714E+03 8.547E-01-5.343E+00 2.128E+08 2.939E-04 1.989E+33
  125 6.579E+10 3.102E+05 4.395E+01 9.149E+11 1.654E+00 6.415E-01 1.869E+03 8.587E-01-5.464E+00 2.134E+08 2.610E-04 1.989E+33
  126 6.586E+10 3.037E+05 4.543E+01 8.661E+11 1.653E+00 6.402E-01 2.042E+03 8.627E-01-5.585E+00 2.140E+08 2.312E-04 1.989E+33
  127 6.593E+10 2.973E+05 4.696E+01 8.200E+11 1.653E+00 6.388E-01 2.235E+03 8.668E-01-5.705E+00 2.147E+08 2.045E-04 1.989E+33
  128 6.600E+10 2.911E+05 4.854E+01 7.764E+11 1.652E+00 6.374E-01 2.452E+03 8.709E-01-5.824E+00 2.154E+08 1.805E-04 1.990E+33
  129 6.606E+10 2.850E+05 5.017E+01 7.350E+11 1.651E+00 6.359E-01 2.695E+03 8.749E-01-5.938E+00 2.161E+08 1.589E-04 1.990E+33
  130 6.613E+10 2.791E+05 5.186E+01 6.959E+11 1.650E+00 6.343E-01 2.968E+03 8.790E-01-6.048E+00 2.168E+08 1.398E-04 1.990E+33
  131 6.619E+10 2.733E+05 5.361E+01 6.589E+11 1.649E+00 6.326E-01 3.275E+03 8.829E-01-6.152E+00 2.176E+08 1.227E-04 1.990E+33
  132 6.626E+10 2.676E+05 5.542E+01 6.239E+11 1.647E+00 6.309E-01 3.619E+03 8.868E-01-6.249E+00 2.184E+08 1.075E-04 1.990E+33
  133 6.632E+10 2.621E+05 5.729E+01 5.907E+11 1.646E+00 6.290E-01 4.005E+03 8.905E-01-6.336E+00 2.193E+08 9.415E-05 1.990E+33
  134 6.638E+10 2.567E+05 5.922E+01 5.593E+11 1.645E+00 6.271E-01 4.437E+03 8.941E-01-6.414E+00 2.202E+08 8.194E-05 1.990E+33
  135 6.644E+10 2.514E+05 6.122E+01 5.296E+11 1.643E+00 6.251E-01 4.921E+03 8.976E-01-6.479E+00 2.212E+08 7.166E-05 1.990E+33
  136 6.649E+10 2.462E+05 6.329E+01 5.014E+11 1.642E+00 6.230E-01 5.462E+03 9.009E-01-6.533E+00 2.222E+08 6.263E-05 1.990E+33
  137 6.655E+10 2.412E+05 6.544E+01 4.747E+11 1.640E+00 6.208E-01 6.064E+03 9.040E-01-6.572E+00 2.232E+08 5.473E-05 1.990E+33
  138 6.661E+10 2.363E+05 6.766E+01 4.495E+11 1.639E+00 6.186E-01 6.733E+03 9.069E-01-6.597E+00 2.243E+08 4.783E-05 1.990E+33
  139 6.666E+10 2.314E+05 6.995E+01 4.255E+11 1.637E+00 6.162E-01 7.475E+03 9.096E-01-6.605E+00 2.254E+08 4.182E-05 1.990E+33
  140 6.671E+10 2.267E+05 7.233E+01 4.029E+11 1.636E+00 6.138E-01 8.293E+03 9.120E-01-6.597E+00 2.266E+08 3.659E-05 1.990E+33
  141 6.677E+10 2.221E+05 7.480E+01 3.814E+11 1.634E+00 6.113E-01 9.193E+03 9.143E-01-6.571E+00 2.278E+08 3.206E-05 1.990E+33
  142 6.682E+10 2.176E+05 7.735E+01 3.611E+11 1.632E+00 6.088E-01 1.018E+04 9.164E-01-6.528E+00 2.290E+08 2.813E-05 1.990E+33
  143 6.687E+10 2.132E+05 7.999E+01 3.418E+11 1.630E+00 6.061E-01 1.125E+04 9.182E-01-6.466E+00 2.303E+08 2.473E-05 1.990E+33
  144 6.692E+10 2.089E+05 8.273E+01 3.236E+11 1.628E+00 6.034E-01 1.241E+04 9.199E-01-6.386E+00 2.317E+08 2.179E-05 1.990E+33
  145 6.697E+10 2.047E+05 8.557E+01 3.063E+11 1.626E+00 6.006E-01 1.365E+04 9.214E-01-6.287E+00 2.330E+08 1.925E-05 1.990E+33
  146 6.701E+10 2.006E+05 8.852E+01 2.899E+11 1.624E+00 5.978E-01 1.499E+04 9.226E-01-6.172E+00 2.344E+08 1.706E-05 1.990E+33
  147 6.706E+10 1.966E+05 9.157E+01 2.744E+11 1.622E+00 5.949E-01 1.640E+04 9.237E-01-6.039E+00 2.358E+08 1.517E-05 1.990E+33
  148 6.711E+10 1.927E+05 9.474E+01 2.597E+11 1.619E+00 5.920E-01 1.788E+04 9.247E-01-5.891E+00 2.373E+08 1.354E-05 1.990E+33
  149 6.715E+10 1.888E+05 9.803E+01 2.457E+11 1.617E+00 5.891E-01 1.944E+04 9.254E-01-5.729E+00 2.387E+08 1.212E-05 1.991E+33
  150 6.720E+10 1.851E+05 1.014E+02 2.325E+11 1.615E+00 5.862E-01 2.104E+04 9.260E-01-5.555E+00 2.402E+08 1.090E-05 1.991E+33
  151 6.724E+10 1.814E+05 1.050E+02 2.200E+11 1.613E+00 5.832E-01 2.269E+04 9.265E-01-5.370E+00 2.416E+08 9.848E-06 1.991E+33
  152 6.728E+10 1.778E+05 1.087E+02 2.081E+11 1.610E+00 5.803E-01 2.437E+04 9.269E-01-5.178E+00 2.431E+08 8.934E-06 1.991E+33
  153 6.732E+10 1.743E+05 1.125E+02 1.969E+11 1.608E+00 5.774E-01 2.607E+04 9.271E-01-4.980E+00 2.445E+08 8.140E-06 1.991E+33
  154 6.737E+10 1.708E+05 1.164E+02 1.862E+11 1.606E+00 5.745E-01 2.777E+04 9.273E-01-4.780E+00 2.460E+08 7.450E-06 1.991E+33
  155 6.741E+10 1.675E+05 1.206E+02 1.761E+11 1.603E+00 5.716E-01 2.945E+04 9.274E-01-4.578E+00 2.474E+08 6.848E-06 1.991E+33
  156 6.745E+10 1.642E+05 1.248E+02 1.665E+11 1.601E+00 5.689E-01 3.112E+04 9.274E-01-4.379E+00 2.487E+08 6.322E-06 1.991E+33
  157 6.748E+10 1.609E+05 1.293E+02 1.574E+11 1.599E+00 5.662E-01 3.274E+04 9.273E-01-4.184E+00 2.501E+08 5.701E-06 1.991E+33
  158 6.752E+10 1.577E+05 1.339E+02 1.488E+11 1.597E+00 5.636E-01 3.432E+04 9.272E-01-3.996E+00 2.513E+08 5.342E-06 1.991E+33
  159 6.756E+10 1.546E+05 1.388E+02 1.406E+11 1.595E+00 5.611E-01 3.584E+04 9.271E-01-3.815E+00 2.525E+08 5.018E-06 1.991E+33
  160 6.760E+10 1.516E+05 1.438E+02 1.329E+11 1.593E+00 5.588E-01 3.729E+04 9.269E-01-3.644E+00 2.536E+08 4.726E-06 1.991E+33
  161 6.764E+10 1.486E+05 1.490E+02 1.255E+11 1.591E+00 5.566E-01 3.869E+04 9.267E-01-3.484E+00 2.547E+08 4.462E-06 1.991E+33
  162 6.767E+10 1.457E+05 1.545E+02 1.186E+11 1.589E+00 5.545E-01 4.001E+04 9.265E-01-3.335E+00 2.556E+08 4.223E-06 1.991E+33
  163 6.771E+10 1.428E+05 1.601E+02 1.120E+11 1.588E+00 5.526E-01 4.126E+04 9.263E-01-3.198E+00 2.564E+08 4.006E-06 1.991E+33
  164 6.774E+10 1.400E+05 1.660E+02 1.057E+11 1.586E+00 5.509E-01 4.245E+04 9.261E-01-3.074E+00 2.572E+08 3.809E-06 1.991E+33
  165 6.778E+10 1.372E+05 1.722E+02 9.977E+10 1.585E+00 5.494E-01 4.357E+04 9.259E-01-2.963E+00 2.578E+08 3.629E-06 1.991E+33
  166 6.781E+10 1.345E+05 1.786E+02 9.414E+10 1.584E+00 5.480E-01 4.464E+04 9.257E-01-2.863E+00 2.583E+08 3.464E-06 1.991E+33
  167 6.784E+10 1.318E+05 1.854E+02 8.880E+10 1.583E+00 5.469E-01 4.565E+04 9.254E-01-2.777E+00 2.586E+08 3.312E-06 1.991E+33
  168 6.788E+10 1.291E+05 1.924E+02 8.374E+10 1.582E+00 5.459E-01 4.661E+04 9.252E-01-2.702E+00 2.589E+08 3.171E-06 1.991E+33
  169 6.791E+10 1.265E+05 1.997E+02 7.893E+10 1.581E+00 5.452E-01 4.754E+04 9.250E-01-2.639E+00 2.590E+08 3.040E-06 1.991E+33
  170 6.794E+10 1.239E+05 2.073E+02 7.438E+10 1.581E+00 5.447E-01 4.843E+04 9.247E-01-2.587E+00 2.590E+08 2.918E-06 1.991E+33
  171 6.797E+10 1.214E+05 2.153E+02 7.006E+10 1.581E+00 5.443E-01 4.930E+04 9.245E-01-2.546E+00 2.589E+08 2.802E-06 1.991E+33
  172 6.800E+10 1.189E+05 2.237E+02 6.596E+10 1.581E+00 5.442E-01 5.016E+04 9.242E-01-2.515E+00 2.587E+08 2.693E-06 1.991E+33
  173 6.803E+10 1.165E+05 2.325E+02 6.207E+10 1.581E+00 5.442E-01 5.101E+04 9.238E-01-2.494E+00 2.584E+08 2.588E-06 1.991E+33
  174 6.806E+10 1.140E+05 2.417E+02 5.838E+10 1.581E+00 5.444E-01 5.187E+04 9.234E-01-2.482E+00 2.580E+08 2.487E-06 1.991E+33
  175 6.809E+10 1.116E+05 2.513E+02 5.488E+10 1.581E+00 5.447E-01 5.275E+04 9.230E-01-2.480E+00 2.576E+08 2.390E-06 1.991E+33
  176 6.812E+10 1.093E+05 2.614E+02 5.156E+10 1.582E+00 5.451E-01 5.365E+04 9.224E-01-2.487E+00 2.572E+08 2.295E-06 1.991E+33
  177 6.815E+10 1.069E+05 2.720E+02 4.842E+10 1.583E+00 5.455E-01 5.459E+04 9.218E-01-2.502E+00 2.568E+08 2.202E-06 1.991E+33
  178 6.818E+10 1.046E+05 2.832E+02 4.543E+10 1.583E+00 5.460E-01 5.559E+04 9.211E-01-2.525E+00 2.564E+08 2.061E-06 1.991E+33
  179 6.821E+10 1.023E+05 2.949E+02 4.260E+10 1.584E+00 5.464E-01 5.665E+04 9.203E-01-2.557E+00 2.560E+08 1.988E-06 1.991E+33
  180 6.824E+10 1.000E+05 3.073E+02 3.991E+10 1.585E+00 5.467E-01 5.779E+04 9.193E-01-2.597E+00 2.558E+08 1.911E-06 1.991E+33
  181 6.827E+10 9.776E+04 3.204E+02 3.736E+10 1.585E+00 5.469E-01 5.903E+04 9.182E-01-2.644E+00 2.557E+08 1.829E-06 1.991E+33
  182 6.829E+10 9.553E+04 3.342E+02 3.494E+10 1.586E+00 5.469E-01 6.038E+04 9.169E-01-2.700E+00 2.557E+08 1.745E-06 1.991E+33
  183 6.832E+10 9.332E+04 3.488E+02 3.264E+10 1.586E+00 5.465E-01 6.187E+04 9.155E-01-2.763E+00 2.560E+08 1.658E-06 1.991E+33
  184 6.835E+10 9.113E+04 3.643E+02 3.047E+10 1.586E+00 5.459E-01 6.351E+04 9.139E-01-2.833E+00 2.565E+08 1.571E-06 1.991E+33
  185 6.837E+10 8.895E+04 3.808E+02 2.840E+10 1.586E+00 5.448E-01 6.533E+04 9.120E-01-2.910E+00 2.573E+08 1.484E-06 1.991E+33
  186 6.840E+10 8.680E+04 3.984E+02 2.644E+10 1.586E+00 5.432E-01 6.736E+04 9.100E-01-2.995E+00 2.585E+08 1.396E-06 1.991E+33
  187 6.843E+10 8.466E+04 4.172E+02 2.458E+10 1.585E+00 5.411E-01 6.963E+04 9.078E-01-3.085E+00 2.600E+08 1.306E-06 1.991E+33
  188 6.845E+10 8.254E+04 4.372E+02 2.282E+10 1.583E+00 5.384E-01 7.217E+04 9.053E-01-3.181E+00 2.619E+08 1.221E-06 1.991E+33
  189 6.848E+10 8.043E+04 4.588E+02 2.114E+10 1.581E+00 5.350E-01 7.502E+04 9.026E-01-3.281E+00 2.644E+08 1.132E-06 1.991E+33
  190 6.851E+10 7.834E+04 4.821E+02 1.955E+10 1.579E+00 5.309E-01 7.822E+04 8.996E-01-3.384E+00 2.673E+08 1.051E-06 1.991E+33
  191 6.853E+10 7.626E+04 5.072E+02 1.805E+10 1.576E+00 5.260E-01 8.183E+04 8.964E-01-3.489E+00 2.708E+08 9.683E-07 1.991E+33
  192 6.856E+10 7.420E+04 5.345E+02 1.662E+10 1.572E+00 5.204E-01 8.589E+04 8.928E-01-3.593E+00 2.749E+08 8.882E-07 1.991E+33
  193 6.859E+10 7.214E+04 5.643E+02 1.526E+10 1.567E+00 5.140E-01 9.046E+04 8.890E-01-3.693E+00 2.797E+08 8.106E-07 1.991E+33
  194 6.861E+10 7.010E+04 5.970E+02 1.397E+10 1.562E+00 5.067E-01 9.559E+04 8.849E-01-3.786E+00 2.853E+08 7.361E-07 1.991E+33
  195 6.864E+10 6.806E+04 6.331E+02 1.275E+10 1.556E+00 4.987E-01 1.014E+05 8.804E-01-3.868E+00 2.917E+08 6.648E-07 1.991E+33
  196 6.867E+10 6.603E+04 6.732E+02 1.159E+10 1.549E+00 4.898E-01 1.078E+05 8.756E-01-3.933E+00 2.989E+08 5.970E-07 1.991E+33
  197 6.869E+10 6.399E+04 7.180E+02 1.049E+10 1.542E+00 4.801E-01 1.150E+05 8.704E-01-3.974E+00 3.072E+08 5.337E-07 1.991E+33
  198 6.872E+10 6.196E+04 7.686E+02 9.449E+09 1.533E+00 4.695E-01 1.229E+05 8.648E-01-3.983E+00 3.165E+08 4.752E-07 1.991E+33
  199 6.875E+10 5.991E+04 8.263E+02 8.459E+09 1.524E+00 4.582E-01 1.315E+05 8.588E-01-3.950E+00 3.270E+08 4.228E-07 1.991E+33
  200 6.878E+10 5.785E+04 8.928E+02 7.520E+09 1.514E+00 4.461E-01 1.408E+05 8.523E-01-3.862E+00 3.389E+08 3.900E-07 1.991E+33
  201 6.881E+10 5.576E+04 9.706E+02 6.629E+09 1.504E+00 4.333E-01 1.504E+05 8.453E-01-3.704E+00 3.522E+08 3.505E-07 1.991E+33
  202 6.884E+10 5.364E+04 1.063E+03 5.784E+09 1.492E+00 4.197E-01 1.599E+05 8.377E-01-3.460E+00 3.673E+08 3.171E-07 1.991E+33
  203 6.887E+10 5.146E+04 1.175E+03 4.983E+09 1.480E+00 4.054E-01 1.685E+05 8.294E-01-3.109E+00 3.843E+08 2.834E-07 1.991E+33
  204 6.891E+10 4.921E+04 1.315E+03 4.223E+09 1.467E+00 3.904E-01 1.751E+05 8.205E-01-2.636E+00 4.035E+08 2.672E-07 1.991E+33
  205 6.895E+10 4.685E+04 1.495E+03 3.502E+09 1.452E+00 3.746E-01 1.779E+05 8.105E-01-2.032E+00 4.253E+08 2.594E-07 1.991E+33
  206 6.899E+10 4.433E+04 1.739E+03 2.814E+09 1.437E+00 3.578E-01 1.744E+05 7.993E-01-1.304E+00 4.505E+08 2.623E-07 1.991E+33
  207 6.903E+10 4.182E+04 2.053E+03 2.219E+09 1.422E+00 3.415E-01 1.634E+05 7.876E-01-5.770E-01 4.771E+08 2.777E-07 1.991E+33
  208 6.906E+10 3.961E+04 2.416E+03 1.763E+09 1.409E+00 3.273E-01 1.479E+05 7.765E-01-3.041E-03 5.020E+08 3.053E-07 1.991E+33
  209 6.909E+10 3.765E+04 2.829E+03 1.412E+09 1.398E+00 3.150E-01 1.310E+05 7.661E-01 3.993E-01 5.253E+08 3.465E-07 1.991E+33
  210 6.913E+10 3.571E+04 3.355E+03 1.114E+09 1.386E+00 3.029E-01 1.130E+05 7.550E-01 6.684E-01 5.498E+08 4.071E-07 1.991E+33
  211 6.916E+10 3.374E+04 4.061E+03 8.553E+08 1.374E+00 2.903E-01 9.471E+04 7.427E-01 7.958E-01 5.770E+08 4.897E-07 1.991E+33
  212 6.919E+10 3.194E+04 4.924E+03 6.570E+08 1.363E+00 2.785E-01 7.920E+04 7.303E-01 7.801E-01 6.047E+08 5.916E-07 1.991E+33
  213 6.922E+10 3.029E+04 5.978E+03 5.048E+08 1.352E+00 2.671E-01 6.654E+04 7.177E-01 6.625E-01 6.331E+08 7.178E-07 1.991E+33
  214 6.924E+10 2.877E+04 7.269E+03 3.878E+08 1.341E+00 2.563E-01 5.641E+04 7.050E-01 4.826E-01 6.621E+08 8.666E-07 1.991E+33
  215 6.927E+10 2.738E+04 8.852E+03 2.980E+08 1.330E+00 2.460E-01 4.837E+04 6.923E-01 2.769E-01 6.915E+08 1.041E-06 1.991E+33
  216 6.929E+10 2.609E+04 1.080E+04 2.290E+08 1.320E+00 2.361E-01 4.194E+04 6.796E-01 7.722E-02 7.208E+08 1.247E-06 1.991E+33
  217 6.931E+10 2.491E+04 1.318E+04 1.760E+08 1.309E+00 2.269E-01 3.673E+04 6.668E-01-9.079E-02 7.496E+08 1.489E-06 1.991E+33
  218 6.934E+10 2.381E+04 1.612E+04 1.353E+08 1.300E+00 2.183E-01 3.242E+04 6.540E-01-2.084E-01 7.773E+08 1.778E-06 1.991E+33
  219 6.935E+10 2.279E+04 1.974E+04 1.040E+08 1.291E+00 2.103E-01 2.876E+04 6.409E-01-2.633E-01 8.034E+08 2.130E-06 1.991E+33
  220 6.937E+10 2.184E+04 2.420E+04 8.000E+07 1.282E+00 2.029E-01 2.558E+04 6.274E-01-2.479E-01 8.275E+08 2.564E-06 1.991E+33
  221 6.939E+10 2.096E+04 2.969E+04 6.153E+07 1.274E+00 1.960E-01 2.273E+04 6.134E-01-1.581E-01 8.491E+08 3.112E-06 1.991E+33
  222 6.941E+10 2.013E+04 3.647E+04 4.734E+07 1.266E+00 1.898E-01 2.015E+04 5.985E-01 8.557E-03 8.680E+08 3.813E-06 1.991E+33
  223 6.942E+10 1.936E+04 4.483E+04 3.643E+07 1.259E+00 1.841E-01 1.775E+04 5.826E-01 2.535E-01 8.836E+08 4.730E-06 1.991E+33
  224 6.944E+10 1.863E+04 5.514E+04 2.805E+07 1.252E+00 1.789E-01 1.552E+04 5.653E-01 5.780E-01 8.958E+08 5.951E-06 1.991E+33
  225 6.945E+10 1.794E+04 6.786E+04 2.161E+07 1.246E+00 1.743E-01 1.344E+04 5.465E-01 9.826E-01 9.043E+08 7.607E-06 1.991E+33
  226 6.946E+10 1.729E+04 8.352E+04 1.666E+07 1.240E+00 1.701E-01 1.150E+04 5.261E-01 1.467E+00 9.088E+08 9.896E-06 1.991E+33
  227 6.948E+10 1.668E+04 1.028E+05 1.285E+07 1.235E+00 1.664E-01 9.700E+03 5.039E-01 2.027E+00 9.089E+08 1.312E-05 1.991E+33
  228 6.949E+10 1.609E+04 1.265E+05 9.923E+06 1.230E+00 1.632E-01 8.058E+03 4.801E-01 2.660E+00 9.045E+08 1.777E-05 1.991E+33
  229 6.950E+10 1.553E+04 1.555E+05 7.674E+06 1.226E+00 1.605E-01 6.583E+03 4.549E-01 3.355E+00 8.952E+08 2.459E-05 1.991E+33
  230 6.951E+10 1.500E+04 1.909E+05 5.945E+06 1.222E+00 1.584E-01 5.278E+03 4.286E-01 4.100E+00 8.808E+08 3.483E-05 1.991E+33
  231 6.952E+10 1.448E+04 2.339E+05 4.615E+06 1.218E+00 1.568E-01 4.150E+03 4.018E-01 4.880E+00 8.609E+08 5.054E-05 1.991E+33
  232 6.953E+10 1.399E+04 2.859E+05 3.593E+06 1.216E+00 1.559E-01 3.196E+03 3.752E-01 5.678E+00 8.353E+08 7.518E-05 1.991E+33
  233 6.954E+10 1.351E+04 3.483E+05 2.808E+06 1.214E+00 1.557E-01 2.410E+03 3.493E-01 6.474E+00 8.037E+08 1.148E-04 1.991E+33
  234 6.954E+10 1.305E+04 4.224E+05 2.204E+06 1.213E+00 1.564E-01 1.777E+03 3.249E-01 7.251E+00 7.660E+08 1.798E-04 1.991E+33
  235 6.955E+10 1.260E+04 5.094E+05 1.739E+06 1.213E+00 1.583E-01 1.280E+03 3.026E-01 7.993E+00 7.221E+08 2.895E-04 1.991E+33
  236 6.956E+10 1.215E+04 6.099E+05 1.382E+06 1.214E+00 1.616E-01 9.006E+02 2.831E-01 8.684E+00 6.722E+08 4.793E-04 1.991E+33
  237 6.957E+10 1.172E+04 7.241E+05 1.107E+06 1.217E+00 1.667E-01 6.179E+02 2.668E-01 9.313E+00 6.167E+08 8.164E-04 1.991E+33
  238 6.957E+10 1.128E+04 8.508E+05 8.963E+05 1.222E+00 1.743E-01 4.128E+02 2.544E-01 9.868E+00 5.566E+08 1.431E-03 1.991E+33
  239 6.958E+10 1.085E+04 9.876E+05 7.340E+05 1.230E+00 1.851E-01 2.682E+02 2.464E-01 1.034E+01 4.932E+08 2.583E-03 1.991E+33
  240 6.958E+10 1.042E+04 1.131E+06 6.091E+05 1.242E+00 2.004E-01 1.693E+02 2.434E-01 1.071E+01 4.284E+08 4.786E-03 1.991E+33
  241 6.958E+10 9.989E+03 1.274E+06 5.131E+05 1.260E+00 2.217E-01 1.038E+02 2.462E-01 1.098E+01 3.648E+08 9.064E-03 1.991E+33
  242 6.959E+10 9.556E+03 1.413E+06 4.392E+05 1.285E+00 2.507E-01 6.189E+01 2.554E-01 1.112E+01 3.051E+08 1.737E-02 1.991E+33
  243 6.959E+10 9.123E+03 1.539E+06 3.824E+05 1.319E+00 2.888E-01 3.614E+01 2.713E-01 1.113E+01 2.521E+08 3.320E-02 1.991E+33
  244 6.959E+10 8.698E+03 1.649E+06 3.388E+05 1.361E+00 3.362E-01 2.089E+01 2.934E-01 1.103E+01 2.080E+08 6.194E-02 1.991E+33
  245 6.959E+10 8.290E+03 1.739E+06 3.052E+05 1.411E+00 3.905E-01 1.215E+01 3.196E-01 1.085E+01 1.736E+08 1.141E-01 1.991E+33
  246 6.960E+10 7.865E+03 1.816E+06 2.765E+05 1.468E+00 4.529E-01 6.800E+00 3.502E-01 1.062E+01 1.462E+08 2.117E-01 1.991E+33
  247 6.960E+10 7.422E+03 1.880E+06 2.517E+05 1.527E+00 5.175E-01 3.651E+00 3.832E-01 1.043E+01 1.258E+08 3.759E-01 1.991E+33
  248 6.960E+10 7.028E+03 1.925E+06 2.326E+05 1.574E+00 5.682E-01 2.055E+00 4.124E-01 1.031E+01 1.134E+08 5.976E-01 1.991E+33
  249 6.960E+10 6.699E+03 1.958E+06 2.179E+05 1.606E+00 6.021E-01 1.248E+00 4.381E-01 1.020E+01 1.065E+08 8.516E-01 1.991E+33
  250 6.960E+10 6.349E+03 2.002E+06 2.019E+05 1.631E+00 6.288E-01 7.188E-01 4.729E-01 9.887E+00 1.016E+08 9.932E-01 1.991E+33
  251 6.960E+10 6.019E+03 2.093E+06 1.830E+05 1.647E+00 6.455E-01 4.234E-01 5.236E-01 8.996E+00 9.879E+07 1.000E+00 1.991E+33
  252 6.961E+10 5.691E+03 2.315E+06 1.565E+05 1.656E+00 6.559E-01 2.540E-01 6.008E-01 7.018E+00 9.712E+07 1.000E+00 1.991E+33
  253 6.961E+10 5.382E+03 2.797E+06 1.225E+05 1.662E+00 6.614E-01 1.627E-01 6.682E-01 4.711E+00 9.627E+07 1.000E+00 1.991E+33
  254 6.962E+10 5.100E+03 4.018E+06 8.078E+04 1.664E+00 6.635E-01 1.019E-01 6.780E-01 3.835E+00 9.595E+07 1.000E+00 1.991E+33
  255 6.963E+10 4.906E+03 8.552E+06 3.651E+04 1.664E+00 6.638E-01 5.269E-02 6.899E-01 3.514E+00 9.591E+07 1.000E+00 1.991E+33
  256 6.963E+10 4.854E+03 2.021E+07 1.529E+04 1.664E+00 6.635E-01 2.760E-02 7.340E-01 2.811E+00 9.598E+07 1.000E+00 1.991E+33

 following zones are ignited.
    1 2.842E-02 1.452E+01-1.022E+00    2 2.200E-02 1.468E+01-1.022E+00    3 1.709E-02 1.483E+01-1.022E+00
    4 1.333E-02 1.498E+01-1.022E+00    5 1.043E-02 1.512E+01-1.022E+00    6 8.182E-03 1.527E+01-1.022E+00
    7 6.438E-03 1.541E+01-1.022E+00    8 5.079E-03 1.555E+01-1.022E+00    9 4.016E-03 1.569E+01-1.022E+00
   10 3.183E-03 1.583E+01-1.022E+00   11 2.527E-03 1.597E+01-1.022E+00   12 2.011E-03 1.610E+01-1.021E+00
   13 1.603E-03 1.624E+01-1.021E+00   14 1.280E-03 1.637E+01-1.021E+00   15 1.024E-03 1.651E+01-1.021E+00
   16 8.203E-04 1.664E+01-1.021E+00   17 6.581E-04 1.677E+01-1.021E+00   18 5.287E-04 1.691E+01-1.021E+00
   19 4.253E-04 1.704E+01-1.021E+00   20 3.425E-04 1.717E+01-1.021E+00   21 2.762E-04 1.730E+01-1.021E+00
   22 2.229E-04 1.743E+01-1.021E+00   23 1.800E-04 1.756E+01-1.021E+00   24 1.455E-04 1.769E+01-1.021E+00
   25 1.176E-04 1.782E+01-1.021E+00   26 9.516E-05 1.795E+01-1.021E+00   27 7.698E-05 1.808E+01-1.021E+00
   28 6.227E-05 1.822E+01-1.021E+00   29 5.034E-05 1.835E+01-1.021E+00   30 4.066E-05 1.849E+01-1.021E+00
   31 3.279E-05 1.863E+01-1.021E+00
 iout= 0 l-value used   2 number of points in scan1000 starting freq. 3.948E-05 ending freq. 6.317E-04
1 Begin discriminant search.
  roots for analysis: l=  2
      4.343425E-05   5.590316E-05   7.108034E-05   8.832094E-05   1.074774E-04
      1.285611E-04   1.515930E-04   1.764959E-04   2.031213E-04   2.314556E-04
      2.616779E-04   2.939339E-04   3.281926E-04   3.643781E-04   4.025267E-04
      4.427270E-04   4.849920E-04   5.292920E-04   5.756307E-04   6.239934E-04
1

     root    1
 omega = 6.590322E-03 period = 9.533957E+02 (secs)   1.103467E-02 (days)
  eigenvalue from matrix solution =  4.3432E-05
  eigenvalue from weight function =  4.2336E-05 error = 2.525E-02
  radial quantum number =   5 number of nodes, p-type =   5 g-type =   0
  transition zone = 240
  effective radius of mode =  6.5820E-01
  rotational splitting, total = -2.7496E-01 a = -3.0111E-01 b =  2.6142E-02
  eigenvalue from matrix solution=   4.343E-05
  eigenvalue from weight function=   3.175E-05 error=   2.690E-01
 kinetic energy amp. =  4.2813E+45

 quasi-adiabatic eigenvalue:  6.590E-03  4.299E-08 growth=-8.1975E-05
 domsq=-6.9946E-11 5.6665E-10 rke= 1.9715E+50
 rcont=-1.3802E+40 1.1180E+41 hcont= 2.0063E+36-1.4196E+37 rsum= 1.6623E+50 hsum= 5.1539E+48
1

 non-adiabatic solution for l =  2

 frequency (sec**-1)=   6.590331E-03   imag. part=   1.087175E-09
          predicted growth rate = -2.073012E-06
 growth rate from work integral = -1.911425E-06 error=  7.795E-02

 periods: 9.533945E+02 (secs) 1.103466E-02 (days), q = 1.1026E-02

 work integral results:
 kinetic energies:   6.263840E+50 (radial)   1.942135E+49 (horiz.)   1.613325E+46 (total), all in ergs.
  work integral contributions: -1.9114E-06 -4.9393E-08  1.1292E-08
   error in poisson solution =  9.6055E-03

    6 maxima found in normalized work function...listed below by zone, value
    51-1.911E-06    79-1.911E-06   112-1.911E-06   148-1.911E-06   187-1.911E-06   254-1.890E-06

   12 maxima found in work per zone function where zone(i) .gt. (i-2),(i-1),(i+1),(i+2)...listed below by zone, value
    4-5.059E-11   27-1.184E-11   51 4.396E-11   81 5.185E-11  119 7.107E-11  153 2.310E-12  158 4.611E-12  179-1.394E-12
  207 4.964E-11  211 4.745E-11  249 7.555E-04  255 5.299E-01

   11 minima found in work per zone function where zone(i) .le. (i-2),(i-1),(i+1),(i+2)...listed below by zone, value
   16-4.088E-08   37-4.628E-08   62-5.390E-09   95-5.389E-10  136-1.532E-11  177-5.633E-12  180-6.579E-12  201 2.651E-11
  210 4.171E-11  219 1.590E-11  252-6.237E-03
1

     root    2
 omega = 7.476784E-03 period = 8.403593E+02 (secs)   9.726381E-03 (days)
  eigenvalue from matrix solution =  5.5902E-05
  eigenvalue from weight function =  5.4263E-05 error = 2.932E-02
  radial quantum number =   6 number of nodes, p-type =   6 g-type =   0
  transition zone = 240
  effective radius of mode =  7.3040E-01
  rotational splitting, total = -5.3916E-02 a = -6.5127E-02 b =  1.1210E-02
  eigenvalue from matrix solution=   5.590E-05
  eigenvalue from weight function=   4.828E-05 error=   1.364E-01
 kinetic energy amp. =  1.9778E+45

 quasi-adiabatic eigenvalue:  7.477E-03  1.194E-07 growth=-2.0069E-04
 domsq=-2.2727E-10 1.7856E-09 rke= 7.0759E+49
 rcont=-1.6090E+40 1.2640E+41 hcont= 1.3807E+36-9.6781E+36 rsum= 6.5999E+49 hsum= 7.9323E+47
1

 non-adiabatic solution for l =  2

 frequency (sec**-1)=   7.476809E-03   imag. part=   4.246981E-09
          predicted growth rate = -7.137956E-06
 growth rate from work integral = -6.841429E-06 error=  4.154E-02

 periods: 8.403566E+02 (secs) 9.726349E-03 (days), q = 9.7190E-03

 work integral results:
 kinetic energies:   2.184480E+50 (radial)   2.625477E+48 (horiz.)   6.546226E+45 (total), all in ergs.
  work integral contributions: -6.8414E-06 -6.1776E-08  1.2332E-08
   error in poisson solution =  1.7859E-03

    6 maxima found in normalized work function...listed below by zone, value
    64-6.841E-06    91-6.841E-06   121-6.841E-06   192-6.841E-06   220-6.841E-06   254-6.789E-06

   11 maxima found in work per zone function where zone(i) .gt. (i-2),(i-1),(i+1),(i+2)...listed below by zone, value
   21-7.795E-11   41-2.598E-11   64 1.931E-11   93 1.946E-11  128 2.548E-11  158-1.192E-12  179-2.695E-12  207 1.634E-11
  211 1.656E-11  249 5.747E-04  255 3.821E-01

   11 minima found in work per zone function where zone(i) .le. (i-2),(i-1),(i+1),(i+2)...listed below by zone, value
   11-1.096E-08   31-1.526E-08   49-4.491E-09   75-6.588E-10  107-8.250E-11  151-1.542E-12  180-4.209E-12  201 7.213E-12
  210 1.482E-11  219-4.902E-13  253-4.621E-03
1

     root    3
 omega = 8.430849E-03 period = 7.452613E+02 (secs)   8.625709E-03 (days)
  eigenvalue from matrix solution =  7.1079E-05
  eigenvalue from weight function =  6.9481E-05 error = 2.248E-02
  radial quantum number =   7 number of nodes, p-type =   7 g-type =   0
  transition zone = 241
  effective radius of mode =  7.6296E-01
  rotational splitting, total =  1.6392E-02 a =  1.0370E-02 b =  6.0220E-03
  eigenvalue from matrix solution=   7.108E-05
  eigenvalue from weight function=   6.533E-05 error=   8.090E-02
 kinetic energy amp. =  9.7084E+44

 quasi-adiabatic eigenvalue:  8.431E-03  3.087E-07 growth=-4.6012E-04
 domsq=-6.8388E-10 5.2051E-09 rke= 2.7317E+49
 rcont=-1.8688E+40 1.4223E+41 hcont= 9.7016E+35-6.6972E+36 rsum= 2.6330E+49 hsum= 1.6450E+47
1

 non-adiabatic solution for l =  2

 frequency (sec**-1)=   8.430917E-03   imag. part=   1.473753E-08
          predicted growth rate = -2.196644E-05
 growth rate from work integral = -2.143088E-05 error=  2.438E-02

 periods: 7.452552E+02 (secs) 8.625639E-03 (days), q = 8.6191E-03

 work integral results:
 kinetic energies:   7.673008E+49 (radial)   4.794040E+47 (horiz.)   2.829230E+45 (total), all in ergs.
  work integral contributions: -2.1431E-05 -9.4247E-08  1.2677E-08
   error in poisson solution =  8.4854E-04

    7 maxima found in normalized work function...listed below by zone, value
    53-2.143E-05    76-2.143E-05   102-2.143E-05   130-2.143E-05   196-2.143E-05   221-2.143E-05   254-2.132E-05

   10 maxima found in work per zone function where zone(i) .gt. (i-2),(i-1),(i+1),(i+2)...listed below by zone, value
   17-1.493E-11   34-1.353E-11   53 1.554E-12   77 6.845E-12  106 6.925E-12  135 6.026E-12  208 5.242E-12  211 5.525E-12
  249 4.832E-04  255 2.849E-01

   10 minima found in work per zone function where zone(i) .le. (i-2),(i-1),(i+1),(i+2)...listed below by zone, value
    8-3.232E-09   26-4.325E-09   42-2.735E-09   63-5.070E-10   88-9.333E-11  119-1.284E-11  186-1.731E-12  201 1.368E-12
  218-5.048E-12  253-3.987E-03
1

     root    4
 omega = 9.397867E-03 period = 6.685757E+02 (secs)   7.738144E-03 (days)
  eigenvalue from matrix solution =  8.8320E-05
  eigenvalue from weight function =  8.6873E-05 error = 1.638E-02
  radial quantum number =   8 number of nodes, p-type =   8 g-type =   0
  transition zone = 241
  effective radius of mode =  7.8189E-01
  rotational splitting, total =  3.3459E-02 a =  2.9578E-02 b =  3.8801E-03
  eigenvalue from matrix solution=   8.832E-05
  eigenvalue from weight function=   8.329E-05 error=   5.692E-02
 kinetic energy amp. =  4.9411E+44

 quasi-adiabatic eigenvalue:  9.398E-03  7.526E-07 growth=-1.0064E-03
 domsq=-1.9188E-09 1.4146E-08 rke= 1.1189E+49
 rcont=-2.1474E+40 1.5831E+41 hcont= 7.0680E+35-4.7826E+36 rsum= 1.0929E+49 hsum= 4.3415E+46
1

 non-adiabatic solution for l =  2

 frequency (sec**-1)=   9.398045E-03   imag. part=   4.582537E-08
          predicted growth rate = -6.127430E-05
 growth rate from work integral = -6.029069E-05 error=  1.605E-02

 periods: 6.685630E+02 (secs) 7.737998E-03 (days), q = 7.7322E-03

 work integral results:
 kinetic energies:   2.833032E+49 (radial)   1.125550E+47 (horiz.)   1.280936E+45 (total), all in ergs.
  work integral contributions: -6.0291E-05 -1.9111E-07  1.3507E-08
   error in poisson solution =  1.8257E-03

    9 maxima found in normalized work function...listed below by zone, value
    46-6.029E-05    65-6.029E-05    87-6.029E-05   113-6.029E-05   140-6.029E-05   200-6.029E-05   202-6.029E-05   222-6.029E-05
   254-6.008E-05

   11 maxima found in work per zone function where zone(i) .gt. (i-2),(i-1),(i+1),(i+2)...listed below by zone, value
   14-5.458E-13   30-5.516E-13   46 1.460E-12   66 1.973E-12   89 2.527E-12  117 2.625E-12  147 7.919E-13  158 3.943E-13
  211 1.918E-12  249 4.369E-04  255 2.210E-01

   11 minima found in work per zone function where zone(i) .le. (i-2),(i-1),(i+1),(i+2)...listed below by zone, value
    6-1.017E-09   22-1.282E-09   37-1.391E-09   54-3.289E-10   75-7.564E-11  100-1.641E-11  130-1.812E-12  191-6.335E-13
  201-2.830E-14  219-5.012E-12  253-3.263E-03
1

     root    5
 omega = 1.036710E-02 period = 6.060697E+02 (secs)   7.014695E-03 (days)
  eigenvalue from matrix solution =  1.0748E-04
  eigenvalue from weight function =  1.0616E-04 error = 1.230E-02
  radial quantum number =   9 number of nodes, p-type =   9 g-type =   0
  transition zone = 241
  effective radius of mode =  7.9252E-01
  rotational splitting, total =  3.5299E-02 a =  3.2490E-02 b =  2.8090E-03
  eigenvalue from matrix solution=   1.075E-04
  eigenvalue from weight function=   1.027E-04 error=   4.469E-02
 kinetic energy amp. =  2.7328E+44

 quasi-adiabatic eigenvalue:  1.037E-02  1.654E-06 growth=-2.0051E-03
 domsq=-4.8042E-09 3.4297E-08 rke= 5.0853E+48
 rcont=-2.4434E+40 1.7443E+41 hcont= 5.3185E+35-3.5139E+36 rsum= 4.9996E+48 hsum= 1.4285E+46
1

 non-adiabatic solution for l =  2

 frequency (sec**-1)=   1.036752E-02   imag. part=   1.232975E-07
          predicted growth rate = -1.494477E-04
 growth rate from work integral = -1.477074E-04 error=  1.164E-02

 periods: 6.060454E+02 (secs) 7.014415E-03 (days), q = 7.0091E-03

 work integral results:
 kinetic energies:   1.165876E+49 (radial)   3.331812E+46 (horiz.)   6.373167E+44 (total), all in ergs.
  work integral contributions: -1.4771E-04 -4.3731E-07  1.4337E-08
   error in poisson solution =  2.3783E-03

    9 maxima found in normalized work function...listed below by zone, value
    41-1.477E-04    57-1.477E-04    76-1.477E-04    98-1.477E-04   122-1.477E-04   153-1.477E-04   204-1.477E-04   222-1.477E-04
   254-1.473E-04

   13 maxima found in work per zone function where zone(i) .gt. (i-2),(i-1),(i+1),(i+2)...listed below by zone, value
   12-1.845E-12   27-4.860E-12   41 1.227E-12   57 4.590E-13   77 1.114E-12  100 1.029E-12  127 1.031E-12  158 7.526E-14
  161 1.855E-14  179 3.815E-14  212 8.076E-13  249 4.118E-04  255 1.770E-01

   14 minima found in work per zone function where zone(i) .le. (i-2),(i-1),(i+1),(i+2)...listed below by zone, value
    5-3.696E-10   20-4.420E-10   34-5.649E-10   48-2.086E-10   65-5.572E-11   86-1.504E-11  112-3.580E-12  142-2.308E-13
  159 1.613E-14  168 1.431E-14  196-2.101E-13  201-1.796E-13  219-3.554E-12  253-2.662E-03
1

     root    6
 omega = 1.133845E-02 period = 5.541484E+02 (secs)   6.413754E-03 (days)
  eigenvalue from matrix solution =  1.2856E-04
  eigenvalue from weight function =  1.2731E-04 error = 9.732E-03
  radial quantum number =  10 number of nodes, p-type =  10 g-type =   0
  transition zone = 241
  effective radius of mode =  7.9645E-01
  rotational splitting, total =  3.3441E-02 a =  3.1230E-02 b =  2.2113E-03
  eigenvalue from matrix solution=   1.286E-04
  eigenvalue from weight function=   1.237E-04 error=   3.811E-02
 kinetic energy amp. =  1.6658E+44

 quasi-adiabatic eigenvalue:  1.134E-02  3.242E-06 growth=-3.5934E-03
 domsq=-1.0641E-08 7.3521E-08 rke= 2.5914E+48
 rcont=-2.7578E+40 1.9054E+41 hcont= 4.1088E+35-2.6420E+36 rsum= 2.5570E+48 hsum= 5.7305E+45
1

 non-adiabatic solution for l =  2

 frequency (sec**-1)=   1.133931E-02   imag. part=   2.865933E-07
          predicted growth rate = -3.176064E-04
 growth rate from work integral = -3.146839E-04 error=  9.202E-03

 periods: 5.541066E+02 (secs) 6.413270E-03 (days), q = 6.4084E-03

 work integral results:
 kinetic energies:   5.422151E+48 (radial)   1.215597E+46 (horiz.)   3.532789E+44 (total), all in ergs.
  work integral contributions: -3.1468E-04 -9.3916E-07  1.4759E-08
   error in poisson solution =  2.7030E-03

   11 maxima found in normalized work function...listed below by zone, value
    37-3.147E-04    51-3.147E-04    68-3.147E-04    86-3.147E-04   108-3.147E-04   131-3.147E-04   179-3.147E-04   183-3.147E-04
   207-3.147E-04   221-3.147E-04   254-3.141E-04

   15 maxima found in work per zone function where zone(i) .gt. (i-2),(i-1),(i+1),(i+2)...listed below by zone, value
   11-1.671E-14   24-3.714E-14   37 1.136E-13   51 2.102E-13   68 5.731E-13   87 5.041E-13  111 4.619E-13  135 3.457E-13
  158-3.805E-14  164-3.787E-14  179 5.481E-16  188 2.780E-14  212 5.053E-13  249 3.974E-04  255 1.452E-01

   13 minima found in work per zone function where zone(i) .le. (i-2),(i-1),(i+1),(i+2)...listed below by zone, value
    4-1.572E-10   18-1.824E-10   31-2.433E-10   43-1.390E-10   58-4.177E-11   76-1.305E-11   97-3.936E-12  122-8.840E-13
  156-4.049E-14  169-3.868E-14  202-7.896E-14  218-1.921E-12  253-2.201E-03
1

     root    7
 omega = 1.231230E-02 period = 5.103179E+02 (secs)   5.906457E-03 (days)
  eigenvalue from matrix solution =  1.5159E-04
  eigenvalue from weight function =  1.5040E-04 error = 7.875E-03
  radial quantum number =  11 number of nodes, p-type =  11 g-type =   0
  transition zone = 242
  effective radius of mode =  7.9941E-01
  rotational splitting, total =  3.0406E-02 a =  2.8604E-02 b =  1.8022E-03
  eigenvalue from matrix solution=   1.516E-04
  eigenvalue from weight function=   1.462E-04 error=   3.547E-02
 kinetic energy amp. =  1.0669E+44

 quasi-adiabatic eigenvalue:  1.231E-02  5.961E-06 growth=-6.0841E-03
 domsq=-2.1963E-08 1.4678E-07 rke= 1.4076E+48
 rcont=-3.0918E+40 2.0662E+41 hcont= 3.2434E+35-2.0241E+36 rsum= 1.3924E+48 hsum= 2.5369E+45
1

 non-adiabatic solution for l =  2

 frequency (sec**-1)=   1.231394E-02   imag. part=   6.088371E-07
          predicted growth rate = -6.213179E-04
 growth rate from work integral = -6.166406E-04 error=  7.528E-03

 periods: 5.102497E+02 (secs) 5.905668E-03 (days), q = 5.9012E-03

 work integral results:
 kinetic energies:   2.712806E+48 (radial)   4.945923E+45 (horiz.)   2.079256E+44 (total), all in ergs.
  work integral contributions: -6.1664E-04 -1.8996E-06  1.4768E-08
   error in poisson solution =  2.9369E-03

    9 maxima found in normalized work function...listed below by zone, value
    61-6.166E-04    77-6.166E-04    95-6.166E-04   117-6.166E-04   140-6.166E-04   190-6.166E-04   208-6.166E-04   220-6.166E-04
   254-6.159E-04

   14 maxima found in work per zone function where zone(i) .gt. (i-2),(i-1),(i+1),(i+2)...listed below by zone, value
   10-6.118E-14   22-2.407E-13   34-9.226E-14   47-3.311E-13   61 3.172E-13   78 2.467E-13   97 2.458E-13  120 2.320E-13
  145 7.729E-14  179-3.166E-14  195 2.819E-14  213 3.908E-13  249 3.891E-04  255 1.215E-01

   13 minima found in work per zone function where zone(i) .le. (i-2),(i-1),(i+1),(i+2)...listed below by zone, value
    4-7.487E-11   16-8.369E-11   28-1.125E-10   39-9.681E-11   53-3.116E-11   68-1.083E-11   86-3.761E-12  107-1.214E-12
  131-2.056E-13  180-4.008E-14  205-2.528E-14  218-6.031E-13  253-1.856E-03
1

     root    8
 omega = 1.328516E-02 period = 4.729475E+02 (secs)   5.473930E-03 (days)
  eigenvalue from matrix solution =  1.7650E-04
  eigenvalue from weight function =  1.7536E-04 error = 6.416E-03
  radial quantum number =  12 number of nodes, p-type =  12 g-type =   0
  transition zone = 242
  effective radius of mode =  8.0372E-01
  rotational splitting, total =  2.6973E-02 a =  2.5487E-02 b =  1.4865E-03
  eigenvalue from matrix solution=   1.765E-04
  eigenvalue from weight function=   1.703E-04 error=   3.495E-02
 kinetic energy amp. =  6.9950E+43

 quasi-adiabatic eigenvalue:  1.328E-02  1.057E-05 growth=-9.9980E-03
 domsq=-4.3457E-08 2.8081E-07 rke= 7.9266E+47
 rcont=-3.4449E+40 2.2260E+41 hcont= 2.6085E+35-1.5765E+36 rsum= 7.8559E+47 hsum= 1.1783E+45
1

 non-adiabatic solution for l =  2

 frequency (sec**-1)=   1.328819E-02   imag. part=   1.220756E-06
          predicted growth rate = -1.154444E-03
 growth rate from work integral = -1.147259E-03 error=  6.224E-03

 periods: 4.728397E+02 (secs) 5.472682E-03 (days), q = 5.4686E-03

 work integral results:
 kinetic energies:   1.420026E+48 (radial)   2.132293E+45 (horiz.)   1.265008E+44 (total), all in ergs.
  work integral contributions: -1.1473E-03 -3.5939E-06  1.4396E-08
   error in poisson solution =  3.0573E-03

    8 maxima found in normalized work function...listed below by zone, value
    55-1.147E-03    70-1.147E-03    86-1.147E-03   104-1.147E-03   125-1.147E-03   150-1.147E-03   208-1.147E-03   254-1.146E-03

   14 maxima found in work per zone function where zone(i) .gt. (i-2),(i-1),(i+1),(i+2)...listed below by zone, value
    9-4.071E-15   20-6.370E-15   31-1.358E-13   43-2.154E-13   55 6.345E-14   70 1.641E-13   87 1.353E-13  106 1.203E-13
  129 1.100E-13  158 1.453E-14  200 2.162E-14  214 3.850E-13  249 3.845E-04  255 1.033E-01

   14 minima found in work per zone function where zone(i) .le. (i-2),(i-1),(i+1),(i+2)...listed below by zone, value
    4-3.616E-11   15-3.970E-11   26-5.306E-11   37-5.689E-11   48-2.284E-11   62-8.587E-12   77-3.304E-12   95-1.244E-12
  116-3.980E-13  141-4.332E-14  186-2.845E-14  207-2.230E-15  217 2.617E-13  253-1.599E-03
1

     root    9
 omega = 1.425206E-02 period = 4.408615E+02 (secs)   5.102564E-03 (days)
  eigenvalue from matrix solution =  2.0312E-04
  eigenvalue from weight function =  2.0203E-04 error = 5.349E-03
  radial quantum number =  13 number of nodes, p-type =  13 g-type =   0
  transition zone = 242
  effective radius of mode =  8.0704E-01
  rotational splitting, total =  2.3935E-02 a =  2.2680E-02 b =  1.2542E-03
  eigenvalue from matrix solution=   2.031E-04
  eigenvalue from weight function=   1.962E-04 error=   3.398E-02
 kinetic energy amp. =  4.8297E+43

 quasi-adiabatic eigenvalue:  1.425E-02  1.759E-05 growth=-1.5508E-02
 domsq=-8.0231E-08 5.0123E-07 rke= 4.7555E+47
 rcont=-3.8155E+40 2.3837E+41 hcont= 2.1329E+35-1.2463E+36 rsum= 4.7197E+47 hsum= 5.9641E+44
1

 non-adiabatic solution for l =  2

 frequency (sec**-1)=   1.425727E-02   imag. part=   2.258118E-06
          predicted growth rate = -1.990308E-03
 growth rate from work integral = -1.979794E-03 error=  5.283E-03

 periods: 4.407005E+02 (secs) 5.100700E-03 (days), q = 5.0969E-03

 work integral results:
 kinetic energies:   7.979383E+47 (radial)   1.010027E+45 (horiz.)   8.171426E+43 (total), all in ergs.
  work integral contributions: -1.9798E-03 -6.3105E-06  1.3403E-08
   error in poisson solution =  3.1468E-03

    9 maxima found in normalized work function...listed below by zone, value
    51-1.980E-03    64-1.980E-03    78-1.980E-03    94-1.980E-03   113-1.980E-03   133-1.980E-03   199-1.980E-03   209-1.980E-03
   254-1.979E-03

   15 maxima found in work per zone function where zone(i) .gt. (i-2),(i-1),(i+1),(i+2)...listed below by zone, value
    8-2.138E-13   19-4.126E-13   29-1.633E-14   39-3.390E-13   51 1.057E-13   64 9.369E-14   78 7.225E-14   95 7.091E-14
  115 6.656E-14  137 4.265E-14  158-4.429E-15  175 1.432E-15  204 1.335E-14  249 3.823E-04  255 8.906E-02

   14 minima found in work per zone function where zone(i) .le. (i-2),(i-1),(i+1),(i+2)...listed below by zone, value
    3-1.943E-11   14-2.060E-11   24-2.748E-11   34-3.262E-11   44-1.681E-11   57-6.820E-12   70-2.849E-12   86-1.188E-12
  104-4.686E-13  125-1.301E-13  151-1.038E-14  191-1.778E-14  208-1.477E-15  253-1.408E-03
  from knode...quadrant jump default rotations used.
1

     root   10
 omega = 1.521366E-02 period = 4.129963E+02 (secs)   4.780049E-03 (days)
  eigenvalue from matrix solution =  2.3146E-04
  eigenvalue from weight function =  2.3039E-04 error = 4.590E-03
  radial quantum number =  14 number of nodes, p-type =  14 g-type =   0
  transition zone = 242
  effective radius of mode =  8.0803E-01
  rotational splitting, total =  2.1452E-02 a =  2.0364E-02 b =  1.0873E-03
  eigenvalue from matrix solution=   2.315E-04
  eigenvalue from weight function=   2.240E-04 error=   3.206E-02
 kinetic energy amp. =  3.6196E+43

 quasi-adiabatic eigenvalue:  1.521E-02  2.669E-05 growth=-2.2045E-02
 domsq=-1.3441E-07 8.1185E-07 rke= 3.1277E+47
 rcont=-4.2039E+40 2.5393E+41 hcont= 1.7682E+35-9.9762E+35 rsum= 3.1073E+47 hsum= 3.4006E+44
1

 non-adiabatic solution for l =  2

 frequency (sec**-1)=   1.522179E-02   imag. part=   3.762028E-06
          predicted growth rate = -3.105747E-03
 growth rate from work integral = -3.091376E-03 error=  4.627E-03

 periods: 4.127756E+02 (secs) 4.777496E-03 (days), q = 4.7739E-03

 work integral results:
 kinetic energies:   4.941482E+47 (radial)   5.418299E+44 (horiz.)   5.762445E+43 (total), all in ergs.
  work integral contributions: -3.0914E-03 -1.0189E-05  1.1565E-08
   error in poisson solution =  3.2734E-03

   13 maxima found in normalized work function...listed below by zone, value
    27-3.091E-03    47-3.091E-03    59-3.091E-03    71-3.091E-03    86-3.091E-03   102-3.091E-03   121-3.091E-03   141-3.091E-03
   179-3.091E-03   181-3.091E-03   204-3.091E-03   212-3.091E-03   254-3.090E-03

   16 maxima found in work per zone function where zone(i) .gt. (i-2),(i-1),(i+1),(i+2)...listed below by zone, value
    8-7.597E-14   17-1.419E-13   27 1.030E-15   37-7.002E-14   47 5.607E-14   59 5.640E-14   72 5.681E-14   87 4.621E-14
  104 4.245E-14  123 3.943E-14  145 1.317E-14  179 3.930E-16  184 1.480E-15  204 3.167E-15  249 3.816E-04  255 7.772E-02

   15 minima found in work per zone function where zone(i) .le. (i-2),(i-1),(i+1),(i+2)...listed below by zone, value
    3-1.176E-11   13-1.224E-11   22-1.590E-11   32-1.986E-11   41-1.350E-11   52-5.772E-12   65-2.545E-12   78-1.144E-12
   94-5.057E-13  112-1.987E-13  133-4.140E-14  168-5.448E-15  196-1.027E-14  210-1.200E-14  253-1.265E-03
  from knode...quadrant jump default rotations used.
1

     root   11
 omega = 1.617646E-02 period = 3.884153E+02 (secs)   4.495548E-03 (days)
  eigenvalue from matrix solution =  2.6168E-04
  eigenvalue from weight function =  2.6063E-04 error = 3.995E-03
  radial quantum number =  13 number of nodes, p-type =  14 g-type =   1
  transition zone = 242
  effective radius of mode =  8.0815E-01
  rotational splitting, total =  1.9259E-02 a =  1.8304E-02 b =  9.5547E-04
  eigenvalue from matrix solution=   2.617E-04
  eigenvalue from weight function=   2.535E-04 error=   3.123E-02
 kinetic energy amp. =  2.9201E+43

 quasi-adiabatic eigenvalue:  1.617E-02  3.732E-05 growth=-2.8992E-02
 domsq=-2.0669E-07 1.2070E-06 rke= 2.2318E+47
 rcont=-4.6130E+40 2.6938E+41 hcont= 1.4812E+35-8.0582E+35 rsum= 2.2190E+47 hsum= 2.1325E+44
1

 non-adiabatic solution for l =  2

 frequency (sec**-1)=   1.618813E-02   imag. part=   5.722606E-06
          predicted growth rate = -4.442291E-03
 growth rate from work integral = -4.424022E-03 error=  4.112E-03

 periods: 3.881353E+02 (secs) 4.492307E-03 (days), q = 4.4889E-03

 work integral results:
 kinetic energies:   3.332647E+47 (radial)   3.208401E+44 (horiz.)   4.391918E+43 (total), all in ergs.
  work integral contributions: -4.4240E-03 -1.4996E-05  9.0456E-09
   error in poisson solution =  3.3774E-03

   10 maxima found in normalized work function...listed below by zone, value
    44-4.424E-03    66-4.424E-03    79-4.424E-03    93-4.424E-03   110-4.424E-03   128-4.424E-03   150-4.424E-03   187-4.424E-03
   214-4.424E-03   254-4.423E-03

   18 maxima found in work per zone function where zone(i) .gt. (i-2),(i-1),(i+1),(i+2)...listed below by zone, value
    7-6.647E-14   16-5.212E-14   25-1.144E-13   34-3.260E-13   44 5.457E-14   55-1.208E-14   66 4.007E-14   79 3.354E-14
   94 3.083E-14  112 2.735E-14  131 2.328E-14  154 2.980E-15  158 3.037E-15  179-4.736E-15  190 2.099E-15  206-3.467E-15
  249 3.819E-04  255 6.846E-02

   16 minima found in work per zone function where zone(i) .le. (i-2),(i-1),(i+1),(i+2)...listed below by zone, value
    3-7.730E-12   12-8.075E-12   21-1.025E-11   30-1.298E-11   39-1.183E-11   49-5.174E-12   60-2.419E-12   72-1.152E-12
   86-5.463E-13  102-2.481E-13  120-9.079E-14  141-1.322E-14  178-5.661E-15  201-6.482E-15  212-3.526E-14  253-1.155E-03
  from knode...quadrant jump default rotations used.
1

     root   12
 omega = 1.714450E-02 period = 3.664841E+02 (secs)   4.241714E-03 (days)
  eigenvalue from matrix solution =  2.9393E-04
  eigenvalue from weight function =  2.9291E-04 error = 3.499E-03
  radial quantum number =  16 number of nodes, p-type =  16 g-type =   0
  transition zone = 242
  effective radius of mode =  8.0846E-01
  rotational splitting, total =  1.7275E-02 a =  1.6430E-02 b =  8.4440E-04
  eigenvalue from matrix solution=   2.939E-04
  eigenvalue from weight function=   2.844E-04 error=   3.254E-02
 kinetic energy amp. =  2.4727E+43

 quasi-adiabatic eigenvalue:  1.714E-02  4.938E-05 growth=-3.6198E-02
 domsq=-2.9982E-07 1.6925E-06 rke= 1.6825E+47
 rcont=-5.0446E+40 2.8477E+41 hcont= 1.2508E+35-6.5531E+35 rsum= 1.6740E+47 hsum= 1.4207E+44
1

 non-adiabatic solution for l =  2

 frequency (sec**-1)=   1.716031E-02   imag. part=   8.178430E-06
          predicted growth rate = -5.989004E-03
 growth rate from work integral = -5.966986E-03 error=  3.676E-03

 periods: 3.661463E+02 (secs) 4.237805E-03 (days), q = 4.2346E-03

 work integral results:
 kinetic energies:   2.381632E+47 (radial)   2.024654E+44 (horiz.)   3.524558E+43 (total), all in ergs.
  work integral contributions: -5.9670E-03 -2.0722E-05  6.3382E-09
   error in poisson solution =  3.4663E-03

   12 maxima found in normalized work function...listed below by zone, value
    41-5.967E-03    51-5.967E-03    61-5.967E-03    73-5.967E-03    86-5.967E-03   101-5.967E-03   117-5.967E-03   135-5.967E-03
   163-5.967E-03   192-5.967E-03   216-5.967E-03   254-5.966E-03

   18 maxima found in work per zone function where zone(i) .gt. (i-2),(i-1),(i+1),(i+2)...listed below by zone, value
    7-2.071E-14   15-5.678E-14   24-4.226E-14   32-2.186E-13   41 2.615E-15   51 3.510E-14   62 4.215E-15   73 2.624E-14
   87 2.194E-14  102 2.093E-14  119 1.985E-14  138 1.153E-14  158-4.736E-16  167 5.292E-16  196 2.540E-15  206-3.982E-15
  249 3.829E-04  255 6.078E-02

   17 minima found in work per zone function where zone(i) .le. (i-2),(i-1),(i+1),(i+2)...listed below by zone, value
    3-5.344E-12   11-5.622E-12   20-6.876E-12   28-8.878E-12   37-9.231E-12   46-4.729E-12   56-2.324E-12   67-1.167E-12
   79-5.842E-13   93-2.879E-13  109-1.312E-13  127-4.050E-14  150-4.764E-15  184-5.619E-15  204-4.116E-15  214-6.956E-14
  253-1.069E-03
  from knode...quadrant jump default rotations used.
1

     root   13
 omega = 1.811609E-02 period = 3.468291E+02 (secs)   4.014226E-03 (days)
  eigenvalue from matrix solution =  3.2819E-04
  eigenvalue from weight function =  3.2717E-04 error = 3.101E-03
  radial quantum number =  15 number of nodes, p-type =  16 g-type =   1
  transition zone = 242
  effective radius of mode =  8.0850E-01
  rotational splitting, total =  1.5583E-02 a =  1.4830E-02 b =  7.5335E-04
  eigenvalue from matrix solution=   3.282E-04
  eigenvalue from weight function=   3.168E-04 error=   3.458E-02
 kinetic energy amp. =  2.1700E+43

 quasi-adiabatic eigenvalue:  1.810E-02  6.266E-05 growth=-4.3467E-02
 domsq=-4.1579E-07 2.2690E-06 rke= 1.3224E+47
 rcont=-5.4984E+40 3.0006E+41 hcont= 1.0637E+35-5.3607E+35 rsum= 1.3164E+47 hsum= 9.9624E+43
1

 non-adiabatic solution for l =  2

 frequency (sec**-1)=   1.813660E-02   imag. part=   1.114835E-05
          predicted growth rate = -7.724396E-03
 growth rate from work integral = -7.698720E-03 error=  3.324E-03

 periods: 3.464367E+02 (secs) 4.009684E-03 (days), q = 4.0067E-03

 work integral results:
 kinetic energies:   1.777812E+47 (radial)   1.347200E+44 (horiz.)   2.937229E+43 (total), all in ergs.
  work integral contributions: -7.6987E-03 -2.7330E-05  3.8245E-09
   error in poisson solution =  3.5470E-03

   11 maxima found in normalized work function...listed below by zone, value
    39-7.699E-03    48-7.699E-03    68-7.699E-03    80-7.699E-03    93-7.699E-03   107-7.699E-03   124-7.699E-03   142-7.699E-03
   196-7.699E-03   218-7.699E-03   254-7.698E-03

   18 maxima found in work per zone function where zone(i) .gt. (i-2),(i-1),(i+1),(i+2)...listed below by zone, value
    6-1.345E-13   14-1.146E-13   22-1.897E-13   31-1.552E-13   39 8.330E-15   48 5.811E-15   57-3.402E-15   68 2.407E-14
   80 2.166E-14   93 1.590E-14  109 1.501E-14  126 1.393E-14  145 4.718E-15  176 3.106E-16  200 2.336E-15  208-1.418E-15
  249 3.842E-04  255 5.435E-02

   18 minima found in work per zone function where zone(i) .le. (i-2),(i-1),(i+1),(i+2)...listed below by zone, value
    3-3.857E-12   10-3.973E-12   19-4.875E-12   27-6.275E-12   35-7.153E-12   43-4.516E-12   52-2.282E-12   62-1.178E-12
   74-6.175E-13   86-3.277E-13  100-1.650E-13  116-7.216E-14  134-1.726E-14  160-2.471E-15  189-5.022E-15  207-2.072E-15
  215-1.254E-13  253-1.001E-03
  from knode...quadrant jump default rotations used.
1

     root   14
 omega = 1.908869E-02 period = 3.291575E+02 (secs)   3.809693E-03 (days)
  eigenvalue from matrix solution =  3.6438E-04
  eigenvalue from weight function =  3.6337E-04 error = 2.779E-03
  radial quantum number =  18 number of nodes, p-type =  18 g-type =   0
  transition zone = 243
  effective radius of mode =  8.0817E-01
  rotational splitting, total =  1.4143E-02 a =  1.3464E-02 b =  6.7836E-04
  eigenvalue from matrix solution=   3.644E-04
  eigenvalue from weight function=   3.513E-04 error=   3.580E-02
 kinetic energy amp. =  1.9680E+43

 quasi-adiabatic eigenvalue:  1.907E-02  7.649E-05 growth=-5.0355E-02
 domsq=-5.5298E-07 2.9180E-06 rke= 1.0802E+47
 rcont=-5.9733E+40 3.1520E+41 hcont= 9.1032E+34-4.4086E+35 rsum= 1.0758E+47 hsum= 7.3276E+43
1

 non-adiabatic solution for l =  2

 frequency (sec**-1)=   1.911428E-02   imag. part=   1.456784E-05
          predicted growth rate = -9.577388E-03
 growth rate from work integral = -9.548307E-03 error=  3.036E-03

 periods: 3.287168E+02 (secs) 3.804593E-03 (days), q = 3.8017E-03

 work integral results:
 kinetic energies:   1.380064E+47 (radial)   9.404249E+43 (horiz.)   2.531379E+43 (total), all in ergs.
  work integral contributions: -9.5483E-03 -3.4564E-05  1.6110E-09
   error in poisson solution =  3.6189E-03

   15 maxima found in normalized work function...listed below by zone, value
    29-9.548E-03    45-9.548E-03    54-9.548E-03    64-9.548E-03    74-9.548E-03    86-9.548E-03    99-9.548E-03   114-9.548E-03
   130-9.548E-03   149-9.548E-03   181-9.548E-03   200-9.548E-03   208-9.548E-03   220-9.548E-03   254-9.548E-03

   19 maxima found in work per zone function where zone(i) .gt. (i-2),(i-1),(i+1),(i+2)...listed below by zone, value
    6-1.035E-14   14-6.814E-14   21-6.201E-14   29 6.953E-16   37-2.639E-14   45 2.653E-14   54 2.355E-14   64 1.472E-14
   74 9.060E-15   86 1.146E-14  100 1.307E-14  115 1.147E-14  132 9.016E-15  153 1.549E-15  183 3.492E-16  204 1.547E-15
  210 3.359E-15  250 3.877E-04  255 4.893E-02

   18 minima found in work per zone function where zone(i) .le. (i-2),(i-1),(i+1),(i+2)...listed below by zone, value
   10-3.143E-12   18-3.678E-12   25-4.777E-12   33-5.669E-12   40-4.200E-12   49-2.263E-12   58-1.197E-12   69-6.606E-13
   80-3.665E-13   93-1.962E-13  107-1.003E-13  123-3.959E-14  141-7.281E-15  170-2.327E-15  194-4.091E-15  207-1.096E-16
  217-2.115E-13  253-9.472E-04
  from knode...quadrant jump default rotations used.
1

     root   15
 omega = 2.006307E-02 period = 3.131717E+02 (secs)   3.624672E-03 (days)
  eigenvalue from matrix solution =  4.0253E-04
  eigenvalue from weight function =  4.0152E-04 error = 2.502E-03
  radial quantum number =  17 number of nodes, p-type =  18 g-type =   1
  transition zone = 243
  effective radius of mode =  8.0796E-01
  rotational splitting, total =  1.2846E-02 a =  1.2232E-02 b =  6.1331E-04
  eigenvalue from matrix solution=   4.025E-04
  eigenvalue from weight function=   3.879E-04 error=   3.633E-02
 kinetic energy amp. =  1.8386E+43

 quasi-adiabatic eigenvalue:  2.005E-02  9.016E-05 growth=-5.6468E-02
 domsq=-7.0819E-07 3.6144E-06 rke= 9.1354E+46
 rcont=-6.4696E+40 3.3019E+41 hcont= 7.8297E+34-3.6406E+35 rsum= 9.1018E+46 hsum= 5.6028E+43
1

 non-adiabatic solution for l =  2

 frequency (sec**-1)=   2.009386E-02   imag. part=   1.833419E-05
          predicted growth rate = -1.146590E-02
 growth rate from work integral = -1.143398E-02 error=  2.784E-03

 periods: 3.126918E+02 (secs) 3.619118E-03 (days), q = 3.6164E-03

 work integral results:
 kinetic energies:   1.109428E+47 (radial)   6.822437E+43 (horiz.)   2.247996E+43 (total), all in ergs.
  work integral contributions: -1.1434E-02 -4.2031E-05 -2.4637E-10
   error in poisson solution =  3.6761E-03

   15 maxima found in normalized work function...listed below by zone, value
    35-1.143E-02    51-1.143E-02    60-1.143E-02    70-1.143E-02    80-1.143E-02    92-1.143E-02   105-1.143E-02   120-1.143E-02
   136-1.143E-02   158-1.143E-02   186-1.143E-02   204-1.143E-02   209-1.143E-02   222-1.143E-02   254-1.143E-02

   21 maxima found in work per zone function where zone(i) .gt. (i-2),(i-1),(i+1),(i+2)...listed below by zone, value
    6-1.080E-14   13-1.308E-16   20-3.409E-14   28-1.610E-13   35 1.133E-16   43-7.242E-14   51 1.545E-14   60 1.648E-14
   70 1.181E-14   81 9.279E-15   93 1.035E-14  106 9.641E-15  122 8.811E-15  139 5.054E-15  158 4.960E-16  162 3.877E-16
  188 5.491E-16  204 3.386E-16  211 6.608E-15  250 3.926E-04  255 4.431E-02

   19 minima found in work per zone function where zone(i) .le. (i-2),(i-1),(i+1),(i+2)...listed below by zone, value
    9-2.406E-12   17-2.923E-12   24-3.748E-12   31-4.467E-12   39-4.073E-12   46-2.234E-12   55-1.265E-12   64-7.051E-13
   75-4.054E-13   86-2.313E-13   99-1.270E-13  113-6.286E-14  129-2.104E-14  148-3.346E-15  177-2.523E-15  197-3.255E-15
  207-6.153E-16  219-3.365E-13  253-9.034E-04
  from knode...quadrant jump default rotations used.
1

     root   16
 omega = 2.104108E-02 period = 2.986152E+02 (secs)   3.456194E-03 (days)
  eigenvalue from matrix solution =  4.4273E-04
  eigenvalue from weight function =  4.4172E-04 error = 2.265E-03
  radial quantum number =  20 number of nodes, p-type =  20 g-type =   0
  transition zone = 243
  effective radius of mode =  8.0769E-01
  rotational splitting, total =  1.1690E-02 a =  1.1133E-02 b =  5.5700E-04
  eigenvalue from matrix solution=   4.427E-04
  eigenvalue from weight function=   4.263E-04 error=   3.720E-02
 kinetic energy amp. =  1.7627E+43

 quasi-adiabatic eigenvalue:  2.102E-02  1.031E-04 growth=-6.1559E-02
 domsq=-8.7761E-07 4.3333E-06 rke= 7.9629E+46
 rcont=-6.9883E+40 3.4506E+41 hcont= 6.7601E+34-3.0147E+35 rsum= 7.9363E+46 hsum= 4.4353E+43
1

 non-adiabatic solution for l =  2

 frequency (sec**-1)=   2.107700E-02   imag. part=   2.232103E-05
          predicted growth rate = -1.330808E-02
 growth rate from work integral = -1.327394E-02 error=  2.565E-03

 periods: 2.981063E+02 (secs) 3.450304E-03 (days), q = 3.4477E-03

 work integral results:
 kinetic energies:   9.199371E+46 (radial)   5.127659E+43 (horiz.)   2.050197E+43 (total), all in ergs.
  work integral contributions: -1.3274E-02 -4.9335E-05 -1.6990E-09
   error in poisson solution =  3.7174E-03

   11 maxima found in normalized work function...listed below by zone, value
    48-1.327E-02    75-1.327E-02    86-1.327E-02    98-1.327E-02   111-1.327E-02   126-1.327E-02   142-1.327E-02   190-1.327E-02
   210-1.327E-02   223-1.327E-02   254-1.328E-02

   21 maxima found in work per zone function where zone(i) .gt. (i-2),(i-1),(i+1),(i+2)...listed below by zone, value
    6-7.147E-14   12-6.360E-14   19-4.160E-14   26-3.429E-14   33-4.505E-14   40-6.900E-14   48 1.531E-14   56-1.164E-14
   66-2.663E-17   75 6.449E-15   86 8.472E-15   99 7.589E-15  112 7.812E-15  127 6.801E-15  145 2.532E-15  170 1.627E-16
  193 7.052E-16  204-1.874E-15  212 1.207E-14  250 3.971E-04  255 4.034E-02

   20 minima found in work per zone function where zone(i) .le. (i-2),(i-1),(i+1),(i+2)...listed below by zone, value
    9-2.046E-12   16-2.410E-12   23-2.999E-12   30-3.653E-12   37-3.771E-12   44-2.323E-12   52-1.327E-12   61-7.622E-13
   70-4.553E-13   80-2.629E-13   92-1.554E-13  105-8.545E-14  119-3.988E-14  135-1.080E-14  156-1.912E-15  182-2.708E-15
  201-2.802E-15  207-2.750E-15  220-5.327E-13  253-8.669E-04
  from knode...quadrant jump default rotations used.
1

     root   17
 omega = 2.202253E-02 period = 2.853071E+02 (secs)   3.302165E-03 (days)
  eigenvalue from matrix solution =  4.8499E-04
  eigenvalue from weight function =  4.8399E-04 error = 2.069E-03
  radial quantum number =  19 number of nodes, p-type =  20 g-type =   1
  transition zone = 243
  effective radius of mode =  8.0697E-01
  rotational splitting, total =  1.0701E-02 a =  1.0192E-02 b =  5.0976E-04
  eigenvalue from matrix solution=   4.850E-04
  eigenvalue from weight function=   4.662E-04 error=   3.876E-02
 kinetic energy amp. =  1.7250E+43

 quasi-adiabatic eigenvalue:  2.200E-02  1.150E-04 growth=-6.5593E-02
 domsq=-1.0584E-06 5.0576E-06 rke= 7.1136E+46
 rcont=-7.5293E+40 3.5978E+41 hcont= 5.8540E+34-2.5012E+35 rsum= 7.0918E+46 hsum= 3.6263E+43
1

 non-adiabatic solution for l =  2

 frequency (sec**-1)=   2.206336E-02   imag. part=   2.641901E-05
          predicted growth rate = -1.504717E-02
 growth rate from work integral = -1.501129E-02 error=  2.385E-03

 periods: 2.847791E+02 (secs) 3.296055E-03 (days), q = 3.2936E-03

 work integral results:
 kinetic energies:   7.831473E+46 (radial)   3.986847E+43 (horiz.)   1.911971E+43 (total), all in ergs.
  work integral contributions: -1.5011E-02 -5.6593E-05 -2.7956E-09
   error in poisson solution =  3.7712E-03

   12 maxima found in normalized work function...listed below by zone, value
    62-1.501E-02    71-1.501E-02    81-1.501E-02    92-1.501E-02   104-1.501E-02   117-1.501E-02   131-1.501E-02   148-1.501E-02
   194-1.501E-02   212-1.501E-02   224-1.501E-02   254-1.501E-02

   21 maxima found in work per zone function where zone(i) .gt. (i-2),(i-1),(i+1),(i+2)...listed below by zone, value
    5-5.406E-14   12-1.328E-14   18-8.081E-14   25-7.300E-16   32-5.866E-14   39-1.477E-13   46-1.449E-14   53-1.901E-14
   62 1.134E-14   71 1.164E-14   81 9.862E-15   92 8.362E-15  104 6.957E-15  118 6.630E-15  133 4.992E-15  151 1.092E-15
  176 1.267E-16  196 8.439E-16  214 1.951E-14  250 4.011E-04  255 3.691E-02

   20 minima found in work per zone function where zone(i) .le. (i-2),(i-1),(i+1),(i+2)...listed below by zone, value
    9-1.671E-12   15-2.014E-12   22-2.486E-12   28-2.971E-12   35-3.394E-12   42-2.378E-12   49-1.381E-12   57-8.233E-13
   66-5.077E-13   76-3.034E-13   86-1.862E-13   98-1.080E-13  110-5.859E-14  125-2.468E-14  141-5.541E-15  164-1.563E-15
  187-2.799E-15  209-5.788E-15  222-8.471E-13  253-8.358E-04
  from knode...quadrant jump default rotations used.
1

     root   18
 omega = 2.300635E-02 period = 2.731066E+02 (secs)   3.160956E-03 (days)
  eigenvalue from matrix solution =  5.2929E-04
  eigenvalue from weight function =  5.2829E-04 error = 1.901E-03
  radial quantum number =  22 number of nodes, p-type =  22 g-type =   0
  transition zone = 243
  effective radius of mode =  8.0618E-01
