     0    4    4    0      6.176E+01
     0    6    6    0      1.062E+02
     0    7    7    0      1.330E+02
     0    8    8    0      1.629E+02
     0    9    9    0      1.957E+02
     0   10   10    0      2.315E+02
     0   11   11    0      2.703E+02
     0   12   12    0      3.121E+02
     0   13   13    0      3.569E+02
     0   14   14    0      4.046E+02
     0   15   15    0      4.553E+02
     0   16   16    0      5.089E+02
     0   17   17    0      5.654E+02
     0   18   18    0      6.249E+02
     0   19   19    0      6.873E+02
     0   20   20    0      7.526E+02
     0   21   21    0      8.208E+02
     0   22   22    0      8.920E+02
     0   23   23    0      9.660E+02
     0   24   24    0      1.043E+03
     0   25   25    0      1.123E+03
     0   26   26    0      1.205E+03
     0   27   27    0      1.291E+03
     0   28   28    0      1.379E+03
     0   29   29    0      1.470E+03
     0   30   30    0      1.564E+03
     0   31   31    0      1.661E+03
     0   32   32    0      1.761E+03
     0   33   33    0      1.863E+03
     0   34   34    0      1.968E+03
     0   35   35    0      2.075E+03
     0   36   36    0      2.185E+03
     0   37   37    0      2.298E+03
     0   38   38    0      2.413E+03
     0   39   39    0      2.530E+03
     0   40   40    0      2.649E+03
     0   41   41    0      2.768E+03
     0   42   42    0      2.886E+03
     0   43   43    0      2.994E+03
     0   44   44    0      3.195E+03
     0   45   45    0      3.318E+03
     0   46   46    0      3.449E+03
     0   47   47    0      3.586E+03
     0   48   48    0      3.726E+03
     0   49   49    0      3.870E+03
     1   -1    1    2      2.965E+00
     1   -1    0    1      5.724E+00
     1    0    0    0      1.662E+01
     1    2    2    0      3.009E+01
     1    2    2    0      3.009E+01
     1    3    3    0      4.756E+01
     1    4    4    0      6.907E+01
     1    5    5    0      9.463E+01
     1    6    6    0      1.242E+02
     1    7    7    0      1.579E+02
     1    8    8    0      1.955E+02
     1    9    9    0      2.372E+02
     1   10   10    0      2.828E+02
     1   11   11    0      3.324E+02
     1   12   12    0      3.860E+02
     1   13   13    0      4.436E+02
     1   14   14    0      5.051E+02
     1   15   15    0      5.706E+02
     1   16   16    0      6.400E+02
     1   17   17    0      7.133E+02
     1   18   18    0      7.905E+02
     1   19   19    0      8.717E+02
     1   20   20    0      9.567E+02
     1   21   21    0      1.046E+03
     1   22   22    0      1.138E+03
     1   23   23    0      1.235E+03
     1   24   24    0      1.336E+03
     1   25   25    0      1.440E+03
     1   26   26    0      1.548E+03
     1   27   27    0      1.660E+03
     1   28   28    0      1.776E+03
     1   29   29    0      1.895E+03
     1   30   30    0      2.013E+03
     1   31   31    0      2.051E+03
     1   31   31    0      2.149E+03
     1   32   32    0      2.279E+03
     1   33   33    0      2.413E+03
     1   34   34    0      2.552E+03
     1   35   35    0      2.693E+03
     1   36   36    0      2.839E+03
     1   37   37    0      2.988E+03
     1   38   38    0      3.141E+03
     1   39   39    0      3.297E+03
     1   40   40    0      3.457E+03
     1   41   41    0      3.620E+03
     1   42   42    0      3.786E+03
     1   43   43    0      3.956E+03
     1   44   44    0      4.129E+03
     1   45   45    0      4.306E+03
     1   46   46    0      4.487E+03
     1   47   47    0      4.671E+03
     1   48   48    0      4.858E+03
     2   -5    1    6      1.686E+00
     2   -4    0    4      2.965E+00
     2   -2    0    2      6.476E+00
     2    0    1    1      1.063E+01
     2    0    0    0      1.498E+01
     2    1    1    0      2.262E+01
     2    2    2    0      3.717E+01
     2    3    3    0      5.629E+01
     2    4    4    0      7.954E+01
     2    5    5    0      1.069E+02
     2    6    6    0      1.382E+02
     2    7    7    0      1.736E+02
     2    8    8    0      2.129E+02
     2    9    9    0      2.563E+02
     2   10   10    0      3.037E+02
     2   11   11    0      3.550E+02
     2   12   12    0      4.103E+02
     2   13   13    0      4.696E+02
     2   14   14    0      5.329E+02
     2   15   15    0      6.001E+02
     2   16   16    0      6.712E+02
     2   17   17    0      7.463E+02
     2   18   18    0      8.253E+02
     2   19   19    0      9.082E+02
     2   20   20    0      9.951E+02
     2   21   21    0      1.086E+03
     2   22   22    0      1.180E+03
     2   23   23    0      1.279E+03
     2   24   24    0      1.381E+03
     2   25   25    0      1.487E+03
     2   26   26    0      1.597E+03
     2   27   27    0      1.711E+03
     2   28   28    0      1.828E+03
     2   29   29    0      1.948E+03
     2   30   30    0      2.041E+03
     2   31   31    0      2.082E+03
     2   31   31    0      2.207E+03
     2   32   32    0      2.339E+03
     2   33   33    0      2.475E+03
     2   34   34    0      2.615E+03
     2   35   35    0      2.758E+03
     2   36   36    0      2.906E+03
     2   37   37    0      3.057E+03
     2   38   38    0      3.211E+03
     2   39   39    0      3.369E+03
     2   40   40    0      3.530E+03
     2   41   41    0      3.695E+03
     2   42   42    0      3.863E+03
     2   43   43    0      4.035E+03
     2   44   44    0      4.210E+03
     2   45   45    0      4.388E+03
     2   46   46    0      4.571E+03
     2   47   47    0      4.756E+03
     2   46   47    1      4.946E+03
     3  -11    0   11      1.187E+00
     3   -4    0    4      4.870E+00
     3   -2    0    2      9.661E+00
     3   -1    0    1      1.363E+01
     3    0    0    0      1.708E+01
     3    1    1    0      2.640E+01
     3    2    2    0      4.298E+01
     3    3    3    0      6.385E+01
     3    4    4    0      8.879E+01
     3    5    5    0      1.178E+02
     3    6    6    0      1.508E+02
     3    7    7    0      1.878E+02
     3    8    8    0      2.288E+02
     3    9    9    0      2.739E+02
     3   10   10    0      3.229E+02
     3   11   11    0      3.759E+02
     3   12   12    0      4.329E+02
     3   13   13    0      4.939E+02
     3   14   14    0      5.589E+02
     3   15   15    0      6.278E+02
     3   16   16    0      7.006E+02
     3   17   17    0      7.774E+02
     3   18   18    0      8.581E+02
     3   19   19    0      9.428E+02
     3   20   20    0      1.031E+03
     3   21   21    0      1.124E+03
     3   22   22    0      1.220E+03
     3   23   23    0      1.320E+03
     3   24   24    0      1.424E+03
     3   25   25    0      1.532E+03
     3   26   26    0      1.644E+03
     3   27   27    0      1.759E+03
     3   28   28    0      1.878E+03
     3   29   29    0      1.998E+03
     3   30   30    0      2.049E+03
     3   30   30    0      2.133E+03
     3   31   31    0      2.262E+03
     3   32   32    0      2.396E+03
     3   33   33    0      2.534E+03
     3   34   34    0      2.676E+03
     3   35   35    0      2.821E+03
     3   36   36    0      2.970E+03
     3   37   37    0      3.122E+03
     3   38   38    0      3.278E+03
     3   39   39    0      3.438E+03
     3   40   40    0      3.601E+03
     3   41   41    0      3.767E+03
     3   42   42    0      3.937E+03
     3   43   43    0      4.111E+03
     3   44   44    0      4.287E+03
     3   45   45    0      4.468E+03
     3   46   46    0      4.651E+03
     3   47   47    0      4.839E+03
     4  -15    1   16      1.005E+00
     4   -3    0    3      8.884E+00
     4   -2    0    2      1.221E+01
     4   -1    0    1      1.489E+01
     4    0    0    0      1.897E+01
     4    1    1    0      2.893E+01
     4    2    2    0      4.735E+01
     4    3    3    0      6.989E+01
     4    4    4    0      9.648E+01
     4    5    5    0      1.271E+02
     4    6    6    0      1.617E+02
     4    7    7    0      2.004E+02
     4    8    8    0      2.431E+02
     4    9    9    0      2.898E+02
     4   10   10    0      3.404E+02
     4   11   11    0      3.951E+02
     4   12   12    0      4.538E+02
     4   13   13    0      5.164E+02
     4   14   14    0      5.830E+02
     4   15   15    0      6.536E+02
     4   16   16    0      7.282E+02
     4   17   17    0      8.066E+02
     4   18   18    0      8.890E+02
     4   19   19    0      9.754E+02
     4   20   20    0      1.066E+03
     4   21   21    0      1.160E+03
     4   22   22    0      1.258E+03
     4   23   23    0      1.360E+03
     4   24   24    0      1.466E+03
     4   25   25    0      1.575E+03
     4   26   26    0      1.689E+03
     4   27   27    0      1.806E+03
     4   28   28    0      1.926E+03
     4   29   29    0      2.034E+03
     4   30   30    0      2.065E+03
     4   30   30    0      2.183E+03
     4   31   31    0      2.315E+03
     4   32   32    0      2.451E+03
     4   33   33    0      2.590E+03
     4   34   34    0      2.734E+03
     4   35   35    0      2.881E+03
     4   36   36    0      3.032E+03
     4   37   37    0      3.186E+03
     4   38   38    0      3.343E+03
     4   39   39    0      3.505E+03
     4   40   40    0      3.669E+03
     4   41   41    0      3.837E+03
     4   42   42    0      4.009E+03
     4   43   43    0      4.184E+03
     4   44   44    0      4.362E+03
     4   45   45    0      4.544E+03
     4   46   46    0      4.730E+03
     4   47   47    0      4.919E+03
     5   -9    0    9      3.291E+00
     5   -4    1    5      6.684E+00
     5   -2    1    3      1.075E+01
     5   -2    0    2      1.417E+01
     5   -1    0    1      1.575E+01
     5    0    0    0      2.034E+01
     5    1    1    0      3.136E+01
     5    2    2    0      5.132E+01
     5    3    3    0      7.533E+01
     5    4    4    0      1.034E+02
     5    5    5    0      1.355E+02
     5    6    6    0      1.717E+02
     5    7    7    0      2.119E+02
     5    8    8    0      2.562E+02
     5    9    9    0      3.044E+02
     5   10   10    0      3.567E+02
     5   11   11    0      4.130E+02
     5   12   12    0      4.732E+02
     5   13   13    0      5.375E+02
     5   14   14    0      6.057E+02
     5   15   15    0      6.779E+02
     5   16   16    0      7.541E+02
     5   17   17    0      8.342E+02
     5   18   18    0      9.183E+02
     5   19   19    0      1.006E+03
     5   20   20    0      1.098E+03
     5   21   21    0      1.194E+03
     5   22   22    0      1.294E+03
     5   23   23    0      1.397E+03
     5   24   24    0      1.505E+03
     5   25   25    0      1.616E+03
     5   26   26    0      1.731E+03
     5   27   27    0      1.850E+03
     5   28   28    0      1.971E+03
     5   29   29    0      2.045E+03
     5   29   29    0      2.105E+03
     5   30   30    0      2.232E+03
     5   31   31    0      2.366E+03
     5   32   32    0      2.503E+03
     5   33   33    0      2.645E+03
     5   34   34    0      2.790E+03
     5   35   35    0      2.939E+03
     5   36   36    0      3.091E+03
     5   37   37    0      3.247E+03
     5   38   38    0      3.406E+03
     5   39   39    0      3.569E+03
     5   40   40    0      3.735E+03
     5   41   41    0      3.905E+03
     5   42   42    0      4.078E+03
     5   43   43    0      4.255E+03
     5   44   44    0      4.435E+03
     5   45   45    0      4.618E+03
     5   46   46    0      4.806E+03
     5   45   46    1      4.997E+03
     6   -5    0    5      8.004E+00
     6   -4    0    4      9.806E+00
     6   -3    0    3      1.228E+01
     6    0    0    0      2.129E+01
     6    1    1    0      3.382E+01
     6    2    2    0      5.515E+01
     6    3    3    0      8.053E+01
     6    4    4    0      1.100E+02
     6    5    5    0      1.435E+02
     6    6    6    0      1.811E+02
     6    7    7    0      2.228E+02
     6    8    8    0      2.685E+02
     6    9    9    0      3.183E+02
     6   10   10    0      3.720E+02
     6   11   11    0      4.298E+02
     6   12   12    0      4.917E+02
     6   13   13    0      5.575E+02
     6   14   14    0      6.273E+02
     6   15   15    0      7.011E+02
     6   16   16    0      7.788E+02
     6   17   17    0      8.606E+02
     6   18   18    0      9.462E+02
     6   19   19    0      1.036E+03
     6   20   20    0      1.129E+03
     6   21   21    0      1.227E+03
     6   22   22    0      1.328E+03
     6   23   23    0      1.433E+03
     6   24   24    0      1.543E+03
     6   25   25    0      1.655E+03
     6   26   26    0      1.772E+03
     6   27   27    0      1.892E+03
     6   28   28    0      2.011E+03
     6   29   29    0      2.052E+03
     6   29   29    0      2.149E+03
     6   30   30    0      2.280E+03
     6   31   31    0      2.415E+03
     6   32   32    0      2.554E+03
     6   33   33    0      2.697E+03
     6   34   34    0      2.844E+03
     6   35   35    0      2.994E+03
     6   36   36    0      3.148E+03
     6   37   37    0      3.306E+03
     6   38   38    0      3.467E+03
     6   39   39    0      3.631E+03
     6   40   40    0      3.799E+03
     6   41   41    0      3.970E+03
     6   42   42    0      4.145E+03
     6   43   43    0      4.323E+03
     6   44   44    0      4.505E+03
     6   45   45    0      4.690E+03
     6   46   46    0      4.879E+03
     7   -9    0    9      5.003E+00
     7   -5    1    6      7.748E+00
     7   -4    0    4      1.104E+01
     7   -4    0    4      1.104E+01
     7   -2    1    3      1.354E+01
     7   -2    0    2      1.691E+01
     7   -2    0    2      1.691E+01
     7    1    1    0      2.196E+01
     7    1    1    0      3.631E+01
     7    2    2    0      5.893E+01
     7    3    3    0      8.560E+01
     7    4    4    0      1.164E+02
     7    5    5    0      1.512E+02
     7    6    6    0      1.902E+02
     7    7    7    0      2.333E+02
     7    8    8    0      2.804E+02
     7    9    9    0      3.316E+02
     7   10   10    0      3.868E+02
     7   11   11    0      4.461E+02
     7   12   12    0      5.094E+02
     7   13   13    0      5.767E+02
     7   14   14    0      6.480E+02
     7   15   15    0      7.233E+02
     7   16   16    0      8.026E+02
     7   17   17    0      8.859E+02
     7   18   18    0      9.731E+02
     7   19   19    0      1.064E+03
     7   20   20    0      1.159E+03
     7   21   21    0      1.258E+03
     7   22   22    0      1.361E+03
     7   23   23    0      1.468E+03
     7   24   24    0      1.579E+03
     7   25   25    0      1.693E+03
     7   26   26    0      1.812E+03
     7   27   27    0      1.933E+03
     7   28   28    0      2.038E+03
     7   29   29    0      2.071E+03
     7   29   29    0      2.193E+03
     7   30   30    0      2.325E+03
     7   31   31    0      2.463E+03
     7   32   32    0      2.604E+03
     7   33   33    0      2.748E+03
     7   34   34    0      2.897E+03
     7   35   35    0      3.049E+03
     7   36   36    0      3.204E+03
     7   37   37    0      3.363E+03
     7   38   38    0      3.526E+03
     7   39   39    0      3.692E+03
     7   40   40    0      3.861E+03
     7   41   41    0      4.034E+03
     7   42   42    0      4.210E+03
     7   43   43    0      4.390E+03
     7   44   44    0      4.573E+03
     7   45   45    0      4.760E+03
     7   44   45    1      4.951E+03
     8  -15    0   15      3.086E+00
     8  -10    0   10      5.160E+00
     8   -5    1    6      8.737E+00
     8   -3    1    4      1.210E+01
     8   -3    0    3      1.456E+01
     8    0    0    0      2.247E+01
     8    1    1    0      3.882E+01
     8    2    2    0      6.269E+01
     8    3    3    0      9.061E+01
     8    4    4    0      1.226E+02
     8    5    5    0      1.588E+02
     8    6    6    0      1.991E+02
     8    7    7    0      2.435E+02
     8    8    8    0      2.920E+02
     8    9    9    0      3.445E+02
     8   10   10    0      4.012E+02
     8   11   11    0      4.618E+02
     8   12   12    0      5.266E+02
     8   13   13    0      5.953E+02
     8   14   14    0      6.681E+02
     8   15   15    0      7.449E+02
     8   16   16    0      8.257E+02
     8   17   17    0      9.105E+02
     8   18   18    0      9.992E+02
     8   19   19    0      1.092E+03
     8   20   20    0      1.189E+03
     8   21   21    0      1.289E+03
     8   22   22    0      1.394E+03
     8   23   23    0      1.502E+03
     8   24   24    0      1.614E+03
     8   25   25    0      1.730E+03
     8   26   26    0      1.850E+03
     8   27   27    0      1.972E+03
     8   28   28    0      2.046E+03
     8   28   28    0      2.107E+03
     8   29   29    0      2.235E+03
     8   30   30    0      2.370E+03
     8   31   31    0      2.509E+03
     8   32   32    0      2.651E+03
     8   33   33    0      2.798E+03
     8   34   34    0      2.948E+03
     8   35   35    0      3.101E+03
     8   36   36    0      3.258E+03
     8   37   37    0      3.419E+03
     8   38   38    0      3.583E+03
     8   39   39    0      3.750E+03
     8   40   40    0      3.921E+03
     8   41   41    0      4.096E+03
     8   42   42    0      4.273E+03
     8   43   43    0      4.455E+03
     8   44   44    0      4.640E+03
     8   45   45    0      4.829E+03
     9  -11    0   11      5.289E+00
     9   -5    1    6      9.625E+00
     9   -3    1    4      1.301E+01
     9   -4    0    4      1.301E+01
     9   -2    1    3      1.542E+01
     9   -1    1    2      1.859E+01
     9   -1    1    2      1.859E+01
     9    1    1    0      2.287E+01
     9    1    1    0      4.134E+01
     9    2    2    0      6.643E+01
     9    3    3    0      9.557E+01
     9    4    4    0      1.288E+02
     9    5    5    0      1.663E+02
     9    6    6    0      2.078E+02
     9    7    7    0      2.535E+02
     9    8    8    0      3.033E+02
     9    9    9    0      3.572E+02
     9   10   10    0      4.152E+02
     9   11   11    0      4.773E+02
     9   12   12    0      5.434E+02
     9   13   13    0      6.136E+02
     9   14   14    0      6.878E+02
     9   15   15    0      7.660E+02
     9   16   16    0      8.482E+02
     9   17   17    0      9.345E+02
     9   18   18    0      1.025E+03
     9   19   19    0      1.119E+03
     9   20   20    0      1.217E+03
     9   21   21    0      1.319E+03
     9   22   22    0      1.425E+03
     9   23   23    0      1.535E+03
     9   24   24    0      1.649E+03
     9   25   25    0      1.766E+03
     9   26   26    0      1.887E+03
     9   27   27    0      2.008E+03
     9   28   28    0      2.051E+03
     9   28   28    0      2.146E+03
     9   29   29    0      2.277E+03
     9   30   30    0      2.414E+03
     9   31   31    0      2.554E+03
     9   32   32    0      2.698E+03
     9   33   33    0      2.846E+03
     9   34   34    0      2.997E+03
     9   35   35    0      3.152E+03
     9   36   36    0      3.311E+03
     9   37   37    0      3.473E+03
     9   38   38    0      3.639E+03
     9   39   39    0      3.808E+03
     9   40   40    0      3.980E+03
     9   41   41    0      4.156E+03
     9   42   42    0      4.335E+03
     9   43   43    0      4.518E+03
     9   44   44    0      4.705E+03
     9   45   45    0      4.895E+03
    10  -39    0   39      9.999E-01
    10  -18    1   19      3.030E+00
    10  -13    0   13      4.922E+00
    10   -4    1    5      1.193E+01
    10   -3    1    4      1.380E+01
    10   -3    0    3      1.616E+01
    10    1    1    0      2.318E+01
    10    1    1    0      4.387E+01
    10    2    2    0      7.017E+01
    10    3    3    0      1.005E+02
    10    4    4    0      1.350E+02
    10    5    5    0      1.736E+02
    10    6    6    0      2.164E+02
    10    7    7    0      2.634E+02
    10    8    8    0      3.145E+02
    10    9    9    0      3.697E+02
    10   10   10    0      4.290E+02
    10   11   11    0      4.924E+02
    10   12   12    0      5.599E+02
    10   13   13    0      6.315E+02
    10   14   14    0      7.070E+02
    10   15   15    0      7.867E+02
    10   16   16    0      8.703E+02
    10   17   17    0      9.580E+02
    10   18   18    0      1.050E+03
    10   19   19    0      1.145E+03
    10   20   20    0      1.245E+03
    10   21   21    0      1.348E+03
    10   22   22    0      1.456E+03
    10   23   23    0      1.567E+03
    10   24   24    0      1.682E+03
    10   25   25    0      1.801E+03
    10   26   26    0      1.923E+03
    10   27   27    0      2.034E+03
    10   28   28    0      2.065E+03
    10   28   28    0      2.185E+03
    10   29   29    0      2.318E+03
    10   30   30    0      2.456E+03
    10   31   31    0      2.598E+03
    10   32   32    0      2.744E+03
    10   33   33    0      2.893E+03
    10   34   34    0      3.046E+03
    10   35   35    0      3.203E+03
    10   36   36    0      3.363E+03
    10   37   37    0      3.526E+03
    10   38   38    0      3.693E+03
    10   39   39    0      3.864E+03
    10   40   40    0      4.038E+03
    10   41   41    0      4.215E+03
    10   42   42    0      4.396E+03
    10   43   43    0      4.580E+03
    10   44   44    0      4.769E+03
    10   43   44    1      4.960E+03
    11  -42    0   42      1.033E+00
    11  -21    0   21      3.011E+00
    11  -10    0   10      7.215E+00
    11   -7    1    8      8.854E+00
    11   -4    1    5      1.265E+01
    11   -2    1    3      1.680E+01
    11   -1    1    2      1.970E+01
    11   -1    0    1      2.205E+01
    11    0    0    0      2.344E+01
    11    1    1    0      4.641E+01
    11    2    2    0      7.389E+01
    11    3    3    0      1.054E+02
    11    4    4    0      1.411E+02
    11    5    5    0      1.809E+02
    11    6    6    0      2.250E+02
    11    7    7    0      2.732E+02
    11    8    8    0      3.256E+02
    11    9    9    0      3.821E+02
    11   10   10    0      4.427E+02
    11   11   11    0      5.074E+02
    11   12   12    0      5.762E+02
    11   13   13    0      6.491E+02
    11   14   14    0      7.260E+02
    11   15   15    0      8.070E+02
    11   16   16    0      8.921E+02
    11   17   17    0      9.811E+02
    11   18   18    0      1.074E+03
    11   19   19    0      1.171E+03
    11   20   20    0      1.272E+03
    11   21   21    0      1.377E+03
    11   22   22    0      1.486E+03
    11   23   23    0      1.599E+03
    11   24   24    0      1.715E+03
    11   25   25    0      1.836E+03
    11   26   26    0      1.959E+03
    11   27   27    0      2.044E+03
    11   27   27    0      2.095E+03
    11   28   28    0      2.223E+03
    11   29   29    0      2.359E+03
    11   30   30    0      2.498E+03
    11   31   31    0      2.642E+03
    11   32   32    0      2.789E+03
    11   33   33    0      2.939E+03
    11   34   34    0      3.094E+03
    11   35   35    0      3.252E+03
    11   36   36    0      3.413E+03
    11   37   37    0      3.578E+03
    11   38   38    0      3.747E+03
    11   39   39    0      3.919E+03
    11   40   40    0      4.094E+03
    11   41   41    0      4.273E+03
    11   42   42    0      4.455E+03
    11   43   43    0      4.641E+03
    11   44   44    0      4.831E+03
    12  -23    0   23      2.997E+00
    12  -11    0   11      7.144E+00
    12   -5    1    6      1.180E+01
    12   -4    1    5      1.330E+01
    12   -4    0    4      1.513E+01
    12   -2    1    3      1.736E+01
    12   -2    0    2      2.014E+01
    12    1    1    0      4.895E+01
    12    2    2    0      7.761E+01
    12    3    3    0      1.103E+02
    12    4    4    0      1.472E+02
    12    5    5    0      1.882E+02
    12    6    6    0      2.335E+02
    12    7    7    0      2.829E+02
    12    8    8    0      3.365E+02
    12    9    9    0      3.943E+02
    12   10   10    0      4.562E+02
    12   11   11    0      5.222E+02
    12   12   12    0      5.923E+02
    12   13   13    0      6.665E+02
    12   14   14    0      7.448E+02
    12   15   15    0      8.271E+02
    12   16   16    0      9.135E+02
    12   17   17    0      1.004E+03
    12   18   18    0      1.098E+03
    12   19   19    0      1.197E+03
    12   20   20    0      1.299E+03
    12   21   21    0      1.406E+03
    12   22   22    0      1.516E+03
    12   23   23    0      1.630E+03
    12   24   24    0      1.748E+03
    12   25   25    0      1.870E+03
    12   26   26    0      1.992E+03
    12   27   27    0      2.049E+03
    12   27   27    0      2.130E+03
    12   28   28    0      2.262E+03
    12   29   29    0      2.398E+03
    12   30   30    0      2.539E+03
    12   31   31    0      2.684E+03
    12   32   32    0      2.833E+03
    12   33   33    0      2.985E+03
    12   34   34    0      3.141E+03
    12   35   35    0      3.300E+03
    12   36   36    0      3.463E+03
    12   37   37    0      3.629E+03
    12   38   38    0      3.799E+03
    12   39   39    0      3.973E+03
    12   40   40    0      4.149E+03
    12   41   41    0      4.330E+03
    12   42   42    0      4.514E+03
    12   43   43    0      4.701E+03
    12   44   44    0      4.892E+03
    13  -12    0   12      7.088E+00
    13   -5    1    6      1.240E+01
    13   -4    0    4      1.569E+01
    13   -2    1    3      1.786E+01
    13   -2    0    2      2.052E+01
    13    1    1    0      5.150E+01
    13    2    2    0      8.132E+01
    13    3    3    0      1.152E+02
    13    4    4    0      1.532E+02
    13    5    5    0      1.955E+02
    13    6    6    0      2.419E+02
    13    7    7    0      2.926E+02
    13    8    8    0      3.474E+02
    13    9    9    0      4.064E+02
    13   10   10    0      4.695E+02
    13   11   11    0      5.368E+02
    13   12   12    0      6.082E+02
    13   13   13    0      6.837E+02
    13   14   14    0      7.633E+02
    13   15   15    0      8.470E+02
    13   16   16    0      9.347E+02
    13   17   17    0      1.026E+03
    13   18   18    0      1.122E+03
    13   19   19    0      1.222E+03
    13   20   20    0      1.326E+03
    13   21   21    0      1.434E+03
    13   22   22    0      1.545E+03
    13   23   23    0      1.661E+03
    13   24   24    0      1.780E+03
    13   25   25    0      1.903E+03
    13   26   26    0      2.022E+03
    13   27   27    0      2.056E+03
    13   27   27    0      2.165E+03
    13   28   28    0      2.299E+03
    13   29   29    0      2.438E+03
    13   30   30    0      2.580E+03
    13   31   31    0      2.726E+03
    13   32   32    0      2.876E+03
    13   33   33    0      3.030E+03
    13   34   34    0      3.187E+03
    13   35   35    0      3.348E+03
    13   36   36    0      3.512E+03
    13   37   37    0      3.680E+03
    13   38   38    0      3.851E+03
    13   39   39    0      4.026E+03
    13   40   40    0      4.204E+03
    13   41   41    0      4.386E+03
    13   42   42    0      4.571E+03
    13   43   43    0      4.760E+03
    13   42   43    1      4.953E+03
    14   -5    1    6      1.296E+01
    14   -5    0    5      1.444E+01
    14   -3    1    4      1.619E+01
    14   -2    0    2      2.086E+01
    14   -1    0    1      2.400E+01
    14   -1    0    1      2.400E+01
    14    1    1    0      5.405E+01
    14    2    2    0      8.503E+01
    14    3    3    0      1.200E+02
    14    4    4    0      1.592E+02
    14    5    5    0      2.027E+02
    14    6    6    0      2.503E+02
    14    7    7    0      3.022E+02
    14    8    8    0      3.582E+02
    14    9    9    0      4.184E+02
    14   10   10    0      4.828E+02
    14   11   11    0      5.514E+02
    14   12   12    0      6.240E+02
    14   13   13    0      7.008E+02
    14   14   14    0      7.817E+02
    14   15   15    0      8.667E+02
    14   16   16    0      9.557E+02
    14   17   17    0      1.049E+03
    14   18   18    0      1.146E+03
    14   19   19    0      1.247E+03
    14   20   20    0      1.352E+03
    14   21   21    0      1.461E+03
    14   22   22    0      1.574E+03
    14   23   23    0      1.691E+03
    14   24   24    0      1.812E+03
    14   25   25    0      1.935E+03
    14   26   26    0      2.040E+03
    14   27   27    0      2.075E+03
    14   27   27    0      2.201E+03
    14   28   28    0      2.336E+03
    14   29   29    0      2.476E+03
    14   30   30    0      2.620E+03
    14   31   31    0      2.768E+03
    14   32   32    0      2.919E+03
    14   33   33    0      3.074E+03
    14   34   34    0      3.233E+03
    14   35   35    0      3.395E+03
    14   36   36    0      3.560E+03
    14   37   37    0      3.729E+03
    14   38   38    0      3.902E+03
    14   39   39    0      4.078E+03
    14   40   40    0      4.258E+03
    14   41   41    0      4.441E+03
    14   42   42    0      4.628E+03
    14   43   43    0      4.818E+03
    15  -29    0   29      2.970E+00
    15  -17    0   17      5.768E+00
    15   -4    1    5      1.493E+01
    15   -3    1    4      1.665E+01
    15   -1    1    2      2.115E+01
    15   -1    0    1      2.413E+01
    15    0    0    0      2.711E+01
    15    1    1    0      5.660E+01
    15    2    2    0      8.874E+01
    15    3    3    0      1.249E+02
    15    4    4    0      1.652E+02
    15    5    5    0      2.098E+02
    15    6    6    0      2.587E+02
    15    7    7    0      3.117E+02
    15    8    8    0      3.690E+02
    15    9    9    0      4.304E+02
    15   10   10    0      4.960E+02
    15   11   11    0      5.658E+02
    15   12   12    0      6.397E+02
    15   13   13    0      7.178E+02
    15   14   14    0      7.999E+02
    15   15   15    0      8.862E+02
    15   16   16    0      9.765E+02
    15   17   17    0      1.071E+03
    15   18   18    0      1.169E+03
    15   19   19    0      1.272E+03
    15   20   20    0      1.378E+03
    15   21   21    0      1.489E+03
    15   22   22    0      1.603E+03
    15   23   23    0      1.721E+03
    15   24   24    0      1.843E+03
    15   25   25    0      1.967E+03
    15   26   26    0      2.046E+03
    15   26   26    0      2.105E+03
    15   27   27    0      2.236E+03
    15   28   28    0      2.373E+03
    15   29   29    0      2.515E+03
    15   30   30    0      2.660E+03
    15   31   31    0      2.809E+03
    15   32   32    0      2.961E+03
    15   33   33    0      3.118E+03
    15   34   34    0      3.278E+03
    15   35   35    0      3.441E+03
    15   36   36    0      3.608E+03
    15   37   37    0      3.779E+03
    15   38   38    0      3.952E+03
    15   39   39    0      4.130E+03
    15   40   40    0      4.311E+03
    15   41   41    0      4.495E+03
    15   42   42    0      4.684E+03
    15   43   43    0      4.876E+03
    16  -15    0   15      6.981E+00
    16  -11    0   11      9.144E+00
    16   -6    1    7      1.270E+01
    16   -4    1    5      1.539E+01
    16   -3    1    4      1.707E+01
    16   -3    0    3      1.906E+01
    16   -1    1    2      2.142E+01
    16   -1    1    2      2.142E+01
    16    0    0    0      2.840E+01
    16    1    1    0      5.915E+01
    16    2    2    0      9.244E+01
    16    3    3    0      1.297E+02
    16    4    4    0      1.712E+02
    16    5    5    0      2.170E+02
    16    6    6    0      2.670E+02
    16    7    7    0      3.212E+02
    16    8    8    0      3.797E+02
    16    9    9    0      4.423E+02
    16   10   10    0      5.092E+02
    16   11   11    0      5.802E+02
    16   12   12    0      6.553E+02
    16   13   13    0      7.346E+02
    16   14   14    0      8.181E+02
    16   15   15    0      9.056E+02
    16   16   16    0      9.972E+02
    16   17   17    0      1.093E+03
    16   18   18    0      1.193E+03
    16   19   19    0      1.296E+03
    16   20   20    0      1.404E+03
    16   21   21    0      1.516E+03
    16   22   22    0      1.631E+03
    16   23   23    0      1.751E+03
    16   24   24    0      1.874E+03
    16   25   25    0      1.998E+03
    16   26   26    0      2.051E+03
    16   26   26    0      2.137E+03
    16   27   27    0      2.271E+03
    16   28   28    0      2.410E+03
    16   29   29    0      2.552E+03
    16   30   30    0      2.699E+03
    16   31   31    0      2.849E+03
    16   32   32    0      3.003E+03
    16   33   33    0      3.161E+03
    16   34   34    0      3.322E+03
    16   35   35    0      3.487E+03
    16   36   36    0      3.655E+03
    16   37   37    0      3.827E+03
    16   38   38    0      4.002E+03
    16   39   39    0      4.181E+03
    16   40   40    0      4.363E+03
    16   41   41    0      4.549E+03
    16   42   42    0      4.739E+03
    16   43   43    0      4.933E+03
    17  -32    0   32      3.090E+00
    17   -6    1    7      1.315E+01
    17   -3    1    4      1.745E+01
    17   -2    1    3      1.938E+01
    17   -1    1    2      2.166E+01
    17   -1    1    2      2.166E+01
    17    0    0    0      2.970E+01
    17    1    1    0      6.170E+01
    17    2    2    0      9.614E+01
    17    3    3    0      1.346E+02
    17    4    4    0      1.772E+02
    17    5    5    0      2.241E+02
    17    6    6    0      2.753E+02
    17    7    7    0      3.307E+02
    17    8    8    0      3.903E+02
    17    9    9    0      4.542E+02
    17   10   10    0      5.222E+02
    17   11   11    0      5.945E+02
    17   12   12    0      6.709E+02
    17   13   13    0      7.514E+02
    17   14   14    0      8.361E+02
    17   15   15    0      9.248E+02
    17   16   16    0      1.018E+03
    17   17   17    0      1.115E+03
    17   18   18    0      1.216E+03
    17   19   19    0      1.321E+03
    17   20   20    0      1.430E+03
    17   21   21    0      1.543E+03
    17   22   22    0      1.660E+03
    17   23   23    0      1.780E+03
    17   24   24    0      1.905E+03
    17   25   25    0      2.025E+03
    17   26   26    0      2.058E+03
    17   26   26    0      2.170E+03
    17   27   27    0      2.306E+03
    17   28   28    0      2.446E+03
    17   29   29    0      2.590E+03
    17   30   30    0      2.738E+03
    17   31   31    0      2.889E+03
    17   32   32    0      3.045E+03
    17   33   33    0      3.204E+03
    17   34   34    0      3.366E+03
    17   35   35    0      3.532E+03
    17   36   36    0      3.702E+03
    17   37   37    0      3.875E+03
    17   38   38    0      4.052E+03
    17   39   39    0      4.232E+03
    17   40   40    0      4.415E+03
    17   41   41    0      4.603E+03
    17   42   42    0      4.794E+03
    17   41   42    1      4.989E+03
    18  -65    0   65      1.110E+00
    18  -37    0   37      2.733E+00
    18  -23    0   23      5.074E+00
    18  -12    1   13      8.748E+00
    18   -5    1    6      1.480E+01
    18   -5    1    6      1.480E+01
    18   -2    0    2      1.968E+01
    18   -3    0    3      1.968E+01
    18   -1    0    1      2.187E+01
    18    0    0    0      3.100E+01
    18    1    1    0      6.425E+01
    18    2    2    0      9.984E+01
    18    3    3    0      1.394E+02
    18    4    4    0      1.832E+02
    18    5    5    0      2.312E+02
    18    6    6    0      2.835E+02
    18    7    7    0      3.401E+02
    18    8    8    0      4.009E+02
    18    9    9    0      4.660E+02
    18   10   10    0      5.352E+02
    18   11   11    0      6.087E+02
    18   12   12    0      6.863E+02
    18   13   13    0      7.681E+02
    18   14   14    0      8.540E+02
    18   15   15    0      9.440E+02
    18   16   16    0      1.038E+03
    18   17   17    0      1.136E+03
    18   18   18    0      1.239E+03
    18   19   19    0      1.345E+03
    18   20   20    0      1.455E+03
    18   21   21    0      1.570E+03
    18   22   22    0      1.688E+03
    18   23   23    0      1.810E+03
    18   24   24    0      1.935E+03
    18   25   25    0      2.040E+03
    18   26   26    0      2.076E+03
    18   26   26    0      2.203E+03
    18   27   27    0      2.340E+03
    18   28   28    0      2.482E+03
    18   29   29    0      2.627E+03
    18   30   30    0      2.776E+03
    18   31   31    0      2.929E+03
    18   32   32    0      3.086E+03
    18   33   33    0      3.246E+03
    18   34   34    0      3.410E+03
    18   35   35    0      3.577E+03
    18   36   36    0      3.748E+03
    18   37   37    0      3.923E+03
    18   38   38    0      4.100E+03
    18   39   39    0      4.282E+03
    18   40   40    0      4.467E+03
    18   41   41    0      4.656E+03
    18   42   42    0      4.848E+03
    19  -65    0   65      1.219E+00
    19  -24    0   24      5.150E+00
    19  -12    1   13      9.126E+00
    19  -10    0   10      1.113E+01
    19   -7    1    8      1.291E+01
    19   -4    1    5      1.656E+01
    19   -3    1    4      1.813E+01
    19   -3    0    3      1.995E+01
    19   -1    0    1      2.207E+01
    19    0    0    0      3.230E+01
    19    1    1    0      6.681E+01
    19    2    2    0      1.035E+02
    19    3    3    0      1.442E+02
    19    4    4    0      1.891E+02
    19    5    5    0      2.383E+02
    19    6    6    0      2.918E+02
    19    7    7    0      3.495E+02
    19    8    8    0      4.115E+02
    19    9    9    0      4.777E+02
    19   10   10    0      5.482E+02
    19   11   11    0      6.228E+02
    19   12   12    0      7.017E+02
    19   13   13    0      7.847E+02
    19   14   14    0      8.718E+02
    19   15   15    0      9.630E+02
    19   16   16    0      1.058E+03
    19   17   17    0      1.158E+03
    19   18   18    0      1.261E+03
    19   19   19    0      1.369E+03
    19   20   20    0      1.481E+03
    19   21   21    0      1.596E+03
    19   22   22    0      1.716E+03
    19   23   23    0      1.839E+03
    19   24   24    0      1.965E+03
    19   25   25    0      2.047E+03
    19   25   25    0      2.104E+03
    19   26   26    0      2.236E+03
    19   27   27    0      2.374E+03
    19   28   28    0      2.517E+03
    19   29   29    0      2.664E+03
    19   30   30    0      2.814E+03
    19   31   31    0      2.969E+03
    19   32   32    0      3.127E+03
    19   33   33    0      3.288E+03
    19   34   34    0      3.453E+03
    19   35   35    0      3.622E+03
    19   36   36    0      3.794E+03
    19   37   37    0      3.970E+03
    19   38   38    0      4.149E+03
    19   39   39    0      4.332E+03
    19   40   40    0      4.518E+03
    19   41   41    0      4.708E+03
    19   42   42    0      4.902E+03
    20  -38    0   38      3.061E+00
    20  -26    0   26      4.989E+00
    20  -19    0   19      6.937E+00
    20  -14    0   14      8.946E+00
    20   -4    0    4      1.689E+01
    20   -4    0    4      1.843E+01
    20   -3    0    3      2.020E+01
    20   -1    0    1      2.224E+01
    20    0    0    0      3.361E+01
    20    1    1    0      6.936E+01
    20    2    2    0      1.072E+02
    20    3    3    0      1.490E+02
    20    4    4    0      1.951E+02
    20    5    5    0      2.454E+02
    20    6    6    0      3.000E+02
    20    7    7    0      3.589E+02
    20    8    8    0      4.221E+02
    20    9    9    0      4.895E+02
    20   10   10    0      5.611E+02
    20   11   11    0      6.369E+02
    20   12   12    0      7.170E+02
    20   13   13    0      8.012E+02
    20   14   14    0      8.895E+02
    20   15   15    0      9.820E+02
    20   16   16    0      1.079E+03
    20   17   17    0      1.179E+03
    20   18   18    0      1.284E+03
    20   19   19    0      1.393E+03
    20   20   20    0      1.506E+03
    20   21   21    0      1.623E+03
    20   22   22    0      1.743E+03
    20   23   23    0      1.868E+03
    20   24   24    0      1.993E+03
    20   25   25    0      2.051E+03
    20   25   25    0      2.134E+03
    20   26   26    0      2.268E+03
    20   27   27    0      2.408E+03
    20   28   28    0      2.553E+03
    20   29   29    0      2.701E+03
    20   30   30    0      2.852E+03
    20   31   31    0      3.008E+03
    20   32   32    0      3.167E+03
    20   33   33    0      3.330E+03
    20   34   34    0      3.496E+03
    20   35   35    0      3.666E+03
    20   36   36    0      3.839E+03
    20   37   37    0      4.016E+03
    20   38   38    0      4.197E+03
    20   39   39    0      4.381E+03
    20   40   40    0      4.569E+03
    20   41   41    0      4.760E+03
    20   40   41    1      4.955E+03
