     0    0    0    0      1.720E+01
     0    1    1    0      2.723E+01
     0    2    2    0      3.960E+01
     0    3    3    0      5.433E+01
     0    4    4    0      7.141E+01
     1  -10    0   10      2.243E+01
     1   -9    1   10      2.348E+01
     1   -7    2    9      2.744E+01
     1   -7    1    8      3.346E+01
     1   -6    1    7      3.708E+01
     1   -5    2    7      4.229E+01
     1   -4    2    6      5.250E+01
     1   -3    3    6      5.562E+01
     1   -2    3    5      7.053E+01
     1   -1    4    5      7.545E+01
     1    0    4    4      9.518E+01
     1    1    5    4      1.018E+02
     1    2    5    3      1.236E+02
     1    3    6    3      1.448E+02
     1    4    7    3      1.562E+02
     1    5    7    2      1.863E+02
     2  -17    1   18      2.072E+01
     2  -17    0   17      2.277E+01
     2  -15    1   16      2.419E+01
     2  -15    1   16      2.660E+01
     2  -14    1   15      2.988E+01
     2  -13    1   14      3.365E+01
     2  -12    1   13      3.704E+01
     2  -11    2   13      4.018E+01
     2  -10    2   12      4.531E+01
     2   -9    2   11      5.127E+01
     2   -8    2   10      5.609E+01
     2   -7    3   10      6.273E+01
     2   -6    3    9      7.118E+01
     2   -5    3    8      7.831E+01
     2   -4    4    8      8.859E+01
     2   -3    4    7      9.902E+01
     2   -2    5    7      1.108E+02
     2   -1    5    6      1.245E+02
     2    0    6    6      1.391E+02
     2    1    6    5      1.560E+02
     2    2    7    5      1.745E+02
     2    3    7    4      1.950E+02
