     0    0    0    0      9.255E+00
     0    1    1    0      1.698E+01
     0    2    2    0      2.848E+01
     0    3    3    0      4.344E+01
     0    4    4    0      6.170E+01
     0    5    5    0      8.318E+01
     0    6    6    0      1.078E+02
     0    7    7    0      1.357E+02
     0    8    8    0      1.666E+02
     0    9    9    0      2.007E+02
     0   10   10    0      2.379E+02
     0   11   11    0      2.782E+02
     0   12   12    0      3.216E+02
     0   13   13    0      3.680E+02
     0   14   14    0      4.176E+02
     0   15   15    0      4.702E+02
     0   16   16    0      5.258E+02
     0   17   17    0      5.846E+02
     0   18   18    0      6.464E+02
     0   19   19    0      7.112E+02
     0   20   20    0      7.791E+02
     0   21   21    0      8.500E+02
     0   22   22    0      9.239E+02
     0   23   23    0      1.001E+03
     0   24   24    0      1.081E+03
     0   25   25    0      1.164E+03
     0   26   26    0      1.250E+03
     0   27   27    0      1.339E+03
     0   28   28    0      1.430E+03
     0   29   29    0      1.525E+03
     0   30   30    0      1.623E+03
     0   31   31    0      1.724E+03
     0   32   32    0      1.827E+03
     0   33   33    0      1.933E+03
     0   34   34    0      2.043E+03
     0   35   35    0      2.154E+03
     0   36   36    0      2.269E+03
     0   37   37    0      2.386E+03
     0   38   38    0      2.506E+03
     0   39   39    0      2.628E+03
     0   40   40    0      2.752E+03
     0   41   41    0      2.877E+03
     0   42   42    0      3.001E+03
     0   43   43    0      3.120E+03
     0   44   44    0      3.339E+03
     0   45   45    0      3.463E+03
     0   46   46    0      3.598E+03
     0   47   47    0      3.739E+03
     0   48   48    0      3.885E+03
     0   49   49    0      4.035E+03
     1   -2    0    2      1.714E+00
     1    1    1    0      1.521E+01
     1    2    2    0      2.874E+01
     1    3    3    0      4.656E+01
     1    4    4    0      6.867E+01
     1    5    5    0      9.505E+01
     1    6    6    0      1.257E+02
     1    7    7    0      1.605E+02
     1    8    8    0      1.995E+02
     1    9    9    0      2.427E+02
     1   10   10    0      2.901E+02
     1   11   11    0      3.416E+02
     1   12   12    0      3.972E+02
     1   13   13    0      4.570E+02
     1   14   14    0      5.209E+02
     1   15   15    0      5.889E+02
     1   16   16    0      6.610E+02
     1   17   17    0      7.372E+02
     1   18   18    0      8.174E+02
     1   19   19    0      9.018E+02
     1   20   20    0      9.902E+02
     1   21   21    0      1.083E+03
     1   22   22    0      1.179E+03
     1   23   23    0      1.280E+03
     1   24   24    0      1.384E+03
     1   25   25    0      1.493E+03
     1   26   26    0      1.605E+03
     1   27   27    0      1.721E+03
     1   28   28    0      1.842E+03
     1   29   29    0      1.965E+03
     1   30   30    0      2.089E+03
     1   31   31    0      2.158E+03
     1   31   31    0      2.235E+03
     1   32   32    0      2.367E+03
     1   33   33    0      2.507E+03
     1   34   34    0      2.650E+03
     1   35   35    0      2.798E+03
     1   36   36    0      2.950E+03
     1   37   37    0      3.105E+03
     1   38   38    0      3.264E+03
     1   39   39    0      3.427E+03
     1   40   40    0      3.594E+03
     1   41   41    0      3.764E+03
     1   42   42    0      3.938E+03
     1   43   43    0      4.116E+03
     1   44   44    0      4.298E+03
     1   45   45    0      4.483E+03
     1   46   46    0      4.672E+03
     1   47   47    0      4.865E+03
     2   -1    0    1      6.553E+00
     2    0    0    0      1.090E+01
     2    1    1    0      2.035E+01
     2    2    2    0      3.563E+01
     2    3    3    0      5.530E+01
     2    4    4    0      7.924E+01
     2    5    5    0      1.074E+02
     2    6    6    0      1.398E+02
     2    7    7    0      1.764E+02
     2    8    8    0      2.173E+02
     2    9    9    0      2.623E+02
     2   10   10    0      3.114E+02
     2   11   11    0      3.648E+02
     2   12   12    0      4.223E+02
     2   13   13    0      4.839E+02
     2   14   14    0      5.496E+02
     2   15   15    0      6.195E+02
     2   16   16    0      6.934E+02
     2   17   17    0      7.715E+02
     2   18   18    0      8.537E+02
     2   19   19    0      9.399E+02
     2   20   20    0      1.030E+03
     2   21   21    0      1.125E+03
     2   22   22    0      1.223E+03
     2   23   23    0      1.325E+03
     2   24   24    0      1.432E+03
     2   25   25    0      1.542E+03
     2   26   26    0      1.657E+03
     2   27   27    0      1.775E+03
     2   28   28    0      1.897E+03
     2   29   29    0      2.021E+03
     2   30   30    0      2.135E+03
     2   31   31    0      2.178E+03
     2   31   31    0      2.294E+03
     2   32   32    0      2.430E+03
     2   33   33    0      2.571E+03
     2   34   34    0      2.717E+03
     2   35   35    0      2.867E+03
     2   36   36    0      3.020E+03
     2   37   37    0      3.177E+03
     2   38   38    0      3.338E+03
     2   39   39    0      3.503E+03
     2   40   40    0      3.672E+03
     2   41   41    0      3.844E+03
     2   42   42    0      4.020E+03
     2   43   43    0      4.200E+03
     2   44   44    0      4.383E+03
     2   45   45    0      4.570E+03
     2   46   46    0      4.761E+03
     2   47   47    0      4.956E+03
     3   -5    0    5      2.116E+00
     3   -3    0    3      3.849E+00
     3   -1    0    1      9.023E+00
     3    0    0    0      1.255E+01
     3    1    1    0      2.459E+01
     3    2    2    0      4.168E+01
     3    3    3    0      6.309E+01
     3    4    4    0      8.875E+01
     3    5    5    0      1.187E+02
     3    6    6    0      1.528E+02
     3    7    7    0      1.911E+02
     3    8    8    0      2.337E+02
     3    9    9    0      2.805E+02
     3   10   10    0      3.314E+02
     3   11   11    0      3.865E+02
     3   12   12    0      4.458E+02
     3   13   13    0      5.092E+02
     3   14   14    0      5.767E+02
     3   15   15    0      6.484E+02
     3   16   16    0      7.242E+02
     3   17   17    0      8.041E+02
     3   18   18    0      8.881E+02
     3   19   19    0      9.762E+02
     3   20   20    0      1.068E+03
     3   21   21    0      1.165E+03
     3   22   22    0      1.265E+03
     3   23   23    0      1.369E+03
     3   24   24    0      1.477E+03
     3   25   25    0      1.590E+03
     3   26   26    0      1.706E+03
     3   27   27    0      1.826E+03
     3   28   28    0      1.949E+03
     3   29   29    0      2.074E+03
     3   30   30    0      2.155E+03
     3   30   30    0      2.220E+03
     3   31   31    0      2.351E+03
     3   32   32    0      2.490E+03
     3   33   33    0      2.634E+03
     3   34   34    0      2.781E+03
     3   35   35    0      2.933E+03
     3   36   36    0      3.088E+03
     3   37   37    0      3.247E+03
     3   38   38    0      3.410E+03
     3   39   39    0      3.577E+03
     3   40   40    0      3.747E+03
     3   41   41    0      3.921E+03
     3   42   42    0      4.099E+03
     3   43   43    0      4.280E+03
     3   44   44    0      4.466E+03
     3   45   45    0      4.655E+03
     3   46   46    0      4.847E+03
     4   -7    0    7      1.967E+00
     4   -4    0    4      3.857E+00
     4   -2    0    2      7.175E+00
     4   -1    0    1      1.067E+01
     4    0    0    0      1.340E+01
     4    1    1    0      2.767E+01
     4    2    2    0      4.653E+01
     4    3    3    0      6.965E+01
     4    4    4    0      9.701E+01
     4    5    5    0      1.286E+02
     4    6    6    0      1.645E+02
     4    7    7    0      2.045E+02
     4    8    8    0      2.488E+02
     4    9    9    0      2.973E+02
     4   10   10    0      3.499E+02
     4   11   11    0      4.068E+02
     4   12   12    0      4.678E+02
     4   13   13    0      5.330E+02
     4   14   14    0      6.023E+02
     4   15   15    0      6.758E+02
     4   16   16    0      7.534E+02
     4   17   17    0      8.351E+02
     4   18   18    0      9.209E+02
     4   19   19    0      1.011E+03
     4   20   20    0      1.105E+03
     4   21   21    0      1.203E+03
     4   22   22    0      1.305E+03
     4   23   23    0      1.411E+03
     4   24   24    0      1.521E+03
     4   25   25    0      1.635E+03
     4   26   26    0      1.753E+03
     4   27   27    0      1.875E+03
     4   28   28    0      2.000E+03
     4   29   29    0      2.120E+03
     4   30   30    0      2.169E+03
     4   30   30    0      2.272E+03
     4   31   31    0      2.407E+03
     4   32   32    0      2.549E+03
     4   33   33    0      2.694E+03
     4   34   34    0      2.844E+03
     4   35   35    0      2.997E+03
     4   36   36    0      3.154E+03
     4   37   37    0      3.315E+03
     4   38   38    0      3.480E+03
     4   39   39    0      3.648E+03
     4   40   40    0      3.820E+03
     4   41   41    0      3.996E+03
     4   42   42    0      4.176E+03
     4   43   43    0      4.359E+03
     4   44   44    0      4.546E+03
     4   45   45    0      4.737E+03
     4   46   46    0      4.932E+03
     5   -5    0    5      3.854E+00
     5   -3    0    3      6.241E+00
     5   -2    0    2      8.355E+00
     5   -1    0    1      1.173E+01
     5    0    0    0      1.428E+01
     5    1    1    0      3.044E+01
     5    2    2    0      5.087E+01
     5    3    3    0      7.556E+01
     5    4    4    0      1.045E+02
     5    5    5    0      1.377E+02
     5    6    6    0      1.752E+02
     5    7    7    0      2.169E+02
     5    8    8    0      2.628E+02
     5    9    9    0      3.130E+02
     5   10   10    0      3.673E+02
     5   11   11    0      4.259E+02
     5   12   12    0      4.886E+02
     5   13   13    0      5.555E+02
     5   14   14    0      6.266E+02
     5   15   15    0      7.018E+02
     5   16   16    0      7.811E+02
     5   17   17    0      8.646E+02
     5   18   18    0      9.522E+02
     5   19   19    0      1.044E+03
     5   20   20    0      1.140E+03
     5   21   21    0      1.239E+03
     5   22   22    0      1.343E+03
     5   23   23    0      1.451E+03
     5   24   24    0      1.563E+03
     5   25   25    0      1.679E+03
     5   26   26    0      1.799E+03
     5   27   27    0      1.922E+03
     5   28   28    0      2.048E+03
     5   29   29    0      2.148E+03
     5   30   30    0      2.197E+03
     5   30   30    0      2.323E+03
     5   31   31    0      2.462E+03
     5   32   32    0      2.605E+03
     5   33   33    0      2.752E+03
     5   34   34    0      2.904E+03
     5   35   35    0      3.059E+03
     5   36   36    0      3.218E+03
     5   37   37    0      3.381E+03
     5   38   38    0      3.547E+03
     5   39   39    0      3.717E+03
     5   40   40    0      3.891E+03
     5   41   41    0      4.069E+03
     5   42   42    0      4.250E+03
     5   43   43    0      4.435E+03
     5   44   44    0      4.624E+03
     5   45   45    0      4.817E+03
     6  -10    0   10      2.085E+00
     6   -4    0    4      5.700E+00
     6   -2    0    2      9.252E+00
     6   -1    0    1      1.240E+01
     6    0    0    0      1.529E+01
     6    1    1    0      3.312E+01
     6    2    2    0      5.500E+01
     6    3    3    0      8.115E+01
     6    4    4    0      1.116E+02
     6    5    5    0      1.463E+02
     6    6    6    0      1.853E+02
     6    7    7    0      2.286E+02
     6    8    8    0      2.761E+02
     6    9    9    0      3.279E+02
     6   10   10    0      3.839E+02
     6   11   11    0      4.441E+02
     6   12   12    0      5.084E+02
     6   13   13    0      5.770E+02
     6   14   14    0      6.498E+02
     6   15   15    0      7.267E+02
     6   16   16    0      8.077E+02
     6   17   17    0      8.929E+02
     6   18   18    0      9.822E+02
     6   19   19    0      1.076E+03
     6   20   20    0      1.173E+03
     6   21   21    0      1.275E+03
     6   22   22    0      1.380E+03
     6   23   23    0      1.490E+03
     6   24   24    0      1.604E+03
     6   25   25    0      1.721E+03
     6   26   26    0      1.843E+03
     6   27   27    0      1.968E+03
     6   28   28    0      2.092E+03
     6   29   29    0      2.160E+03
     6   29   29    0      2.240E+03
     6   30   30    0      2.374E+03
     6   31   31    0      2.515E+03
     6   32   32    0      2.660E+03
     6   33   33    0      2.809E+03
     6   34   34    0      2.962E+03
     6   35   35    0      3.119E+03
     6   36   36    0      3.280E+03
     6   37   37    0      3.444E+03
     6   38   38    0      3.613E+03
     6   39   39    0      3.785E+03
     6   40   40    0      3.960E+03
     6   41   41    0      4.140E+03
     6   42   42    0      4.323E+03
     6   43   43    0      4.510E+03
     6   44   44    0      4.700E+03
     6   45   45    0      4.895E+03
     7   -3    0    3      7.916E+00
     7   -1    0    1      1.284E+01
     7    0    0    0      1.640E+01
     7    1    1    0      3.577E+01
     7    2    2    0      5.902E+01
     7    3    3    0      8.655E+01
     7    4    4    0      1.184E+02
     7    5    5    0      1.546E+02
     7    6    6    0      1.951E+02
     7    7    7    0      2.399E+02
     7    8    8    0      2.889E+02
     7    9    9    0      3.422E+02
     7   10   10    0      3.998E+02
     7   11   11    0      4.615E+02
     7   12   12    0      5.275E+02
     7   13   13    0      5.977E+02
     7   14   14    0      6.721E+02
     7   15   15    0      7.507E+02
     7   16   16    0      8.334E+02
     7   17   17    0      9.202E+02
     7   18   18    0      1.011E+03
     7   19   19    0      1.106E+03
     7   20   20    0      1.206E+03
     7   21   21    0      1.309E+03
     7   22   22    0      1.416E+03
     7   23   23    0      1.528E+03
     7   24   24    0      1.643E+03
     7   25   25    0      1.762E+03
     7   26   26    0      1.885E+03
     7   27   27    0      2.011E+03
     7   28   28    0      2.129E+03
     7   29   29    0      2.174E+03
     7   29   29    0      2.286E+03
     7   30   30    0      2.424E+03
     7   31   31    0      2.566E+03
     7   32   32    0      2.713E+03
     7   33   33    0      2.864E+03
     7   34   34    0      3.019E+03
     7   35   35    0      3.178E+03
     7   36   36    0      3.340E+03
     7   37   37    0      3.506E+03
     7   38   38    0      3.676E+03
     7   39   39    0      3.850E+03
     7   40   40    0      4.027E+03
     7   41   41    0      4.209E+03
     7   42   42    0      4.394E+03
     7   43   43    0      4.582E+03
     7   44   44    0      4.775E+03
     7   45   45    0      4.971E+03
     8   -5    1    6      5.117E+00
     8   -5    0    5      5.988E+00
     8   -3    0    3      8.540E+00
     8   -2    0    2      1.047E+01
     8    0    1    1      1.316E+01
     8    0    0    0      1.758E+01
     8    1    1    0      3.840E+01
     8    2    2    0      6.298E+01
     8    3    3    0      9.185E+01
     8    4    4    0      1.251E+02
     8    5    5    0      1.627E+02
     8    6    6    0      2.046E+02
     8    7    7    0      2.508E+02
     8    8    8    0      3.013E+02
     8    9    9    0      3.561E+02
     8   10   10    0      4.152E+02
     8   11   11    0      4.785E+02
     8   12   12    0      5.461E+02
     8   13   13    0      6.178E+02
     8   14   14    0      6.938E+02
     8   15   15    0      7.740E+02
     8   16   16    0      8.583E+02
     8   17   17    0      9.468E+02
     8   18   18    0      1.039E+03
     8   19   19    0      1.136E+03
     8   20   20    0      1.237E+03
     8   21   21    0      1.342E+03
     8   22   22    0      1.451E+03
     8   23   23    0      1.564E+03
     8   24   24    0      1.681E+03
     8   25   25    0      1.802E+03
     8   26   26    0      1.927E+03
     8   27   27    0      2.053E+03
     8   28   28    0      2.150E+03
     8   29   29    0      2.203E+03
     8   29   29    0      2.332E+03
     8   30   30    0      2.472E+03
     8   31   31    0      2.616E+03
     8   32   32    0      2.765E+03
     8   33   33    0      2.918E+03
     8   34   34    0      3.074E+03
     8   35   35    0      3.235E+03
     8   36   36    0      3.399E+03
     8   37   37    0      3.567E+03
     8   38   38    0      3.739E+03
     8   39   39    0      3.914E+03
     8   40   40    0      4.093E+03
     8   41   41    0      4.276E+03
     8   42   42    0      4.463E+03
     8   43   43    0      4.653E+03
     8   44   44    0      4.847E+03
     9  -15    0   15      2.087E+00
     9   -9    0    9      3.858E+00
     9   -4    0    4      7.650E+00
     9   -1    1    2      1.091E+01
     9   -1    1    2      1.091E+01
     9    0    0    0      1.880E+01
     9    1    1    0      4.103E+01
     9    2    2    0      6.690E+01
     9    3    3    0      9.708E+01
     9    4    4    0      1.316E+02
     9    5    5    0      1.706E+02
     9    6    6    0      2.139E+02
     9    7    7    0      2.615E+02
     9    8    8    0      3.135E+02
     9    9    9    0      3.697E+02
     9   10   10    0      4.303E+02
     9   11   11    0      4.951E+02
     9   12   12    0      5.641E+02
     9   13   13    0      6.374E+02
     9   14   14    0      7.150E+02
     9   15   15    0      7.967E+02
     9   16   16    0      8.826E+02
     9   17   17    0      9.727E+02
     9   18   18    0      1.067E+03
     9   19   19    0      1.165E+03
     9   20   20    0      1.268E+03
     9   21   21    0      1.374E+03
     9   22   22    0      1.485E+03
     9   23   23    0      1.600E+03
     9   24   24    0      1.718E+03
     9   25   25    0      1.841E+03
     9   26   26    0      1.967E+03
     9   27   27    0      2.093E+03
     9   28   28    0      2.161E+03
     9   28   28    0      2.242E+03
     9   29   29    0      2.377E+03
     9   30   30    0      2.519E+03
     9   31   31    0      2.665E+03
     9   32   32    0      2.816E+03
     9   33   33    0      2.970E+03
     9   34   34    0      3.128E+03
     9   35   35    0      3.291E+03
     9   36   36    0      3.456E+03
     9   37   37    0      3.626E+03
     9   38   38    0      3.799E+03
     9   39   39    0      3.976E+03
     9   40   40    0      4.157E+03
     9   41   41    0      4.342E+03
     9   42   42    0      4.530E+03
     9   43   43    0      4.722E+03
     9   44   44    0      4.919E+03
    10  -10    0   10      3.865E+00
    10   -2    1    3      9.501E+00
    10   -1    1    2      1.127E+01
    10    0    0    0      2.004E+01
    10    1    1    0      4.365E+01
    10    2    2    0      7.080E+01
    10    3    3    0      1.023E+02
    10    4    4    0      1.381E+02
    10    5    5    0      1.784E+02
    10    6    6    0      2.230E+02
    10    7    7    0      2.720E+02
    10    8    8    0      3.254E+02
    10    9    9    0      3.831E+02
    10   10   10    0      4.451E+02
    10   11   11    0      5.113E+02
    10   12   12    0      5.819E+02
    10   13   13    0      6.567E+02
    10   14   14    0      7.357E+02
    10   15   15    0      8.189E+02
    10   16   16    0      9.064E+02
    10   17   17    0      9.980E+02
    10   18   18    0      1.094E+03
    10   19   19    0      1.194E+03
    10   20   20    0      1.298E+03
    10   21   21    0      1.406E+03
    10   22   22    0      1.518E+03
    10   23   23    0      1.635E+03
    10   24   24    0      1.755E+03
    10   25   25    0      1.879E+03
    10   26   26    0      2.006E+03
    10   27   27    0      2.126E+03
    10   28   28    0      2.173E+03
    10   28   28    0      2.283E+03
    10   29   29    0      2.421E+03
    10   30   30    0      2.565E+03
    10   31   31    0      2.713E+03
    10   32   32    0      2.865E+03
    10   33   33    0      3.022E+03
    10   34   34    0      3.181E+03
    10   35   35    0      3.345E+03
    10   36   36    0      3.513E+03
    10   37   37    0      3.684E+03
    10   38   38    0      3.859E+03
    10   39   39    0      4.038E+03
    10   40   40    0      4.220E+03
    10   41   41    0      4.406E+03
    10   42   42    0      4.597E+03
    10   43   43    0      4.790E+03
    10   44   44    0      4.988E+03
    11   -3    0    3      9.881E+00
    11   -2    0    2      1.157E+01
    11    0    0    0      2.130E+01
    11    1    1    0      4.627E+01
    11    2    2    0      7.468E+01
    11    3    3    0      1.074E+02
    11    4    4    0      1.445E+02
    11    5    5    0      1.861E+02
    11    6    6    0      2.321E+02
    11    7    7    0      2.824E+02
    11    8    8    0      3.372E+02
    11    9    9    0      3.962E+02
    11   10   10    0      4.596E+02
    11   11   11    0      5.273E+02
    11   12   12    0      5.993E+02
    11   13   13    0      6.756E+02
    11   14   14    0      7.561E+02
    11   15   15    0      8.408E+02
    11   16   16    0      9.298E+02
    11   17   17    0      1.023E+03
    11   18   18    0      1.120E+03
    11   19   19    0      1.222E+03
    11   20   20    0      1.327E+03
    11   21   21    0      1.437E+03
    11   22   22    0      1.551E+03
    11   23   23    0      1.669E+03
    11   24   24    0      1.791E+03
    11   25   25    0      1.916E+03
    11   26   26    0      2.044E+03
    11   27   27    0      2.147E+03
    11   28   28    0      2.197E+03
    11   28   28    0      2.324E+03
    11   29   29    0      2.465E+03
    11   30   30    0      2.611E+03
    11   31   31    0      2.760E+03
    11   32   32    0      2.914E+03
    11   33   33    0      3.072E+03
    11   34   34    0      3.233E+03
    11   35   35    0      3.399E+03
    11   36   36    0      3.568E+03
    11   37   37    0      3.741E+03
    11   38   38    0      3.917E+03
    11   39   39    0      4.098E+03
    11   40   40    0      4.282E+03
    11   41   41    0      4.470E+03
    11   42   42    0      4.662E+03
    11   43   43    0      4.857E+03
    12  -21    0   21      1.960E+00
    12   -7    0    7      6.275E+00
    12   -5    0    5      7.868E+00
    12   -2    0    2      1.183E+01
    12    0    0    0      2.258E+01
    12    1    1    0      4.889E+01
    12    2    2    0      7.854E+01
    12    3    3    0      1.125E+02
    12    4    4    0      1.509E+02
    12    5    5    0      1.938E+02
    12    6    6    0      2.410E+02
    12    7    7    0      2.927E+02
    12    8    8    0      3.488E+02
    12    9    9    0      4.092E+02
    12   10   10    0      4.740E+02
    12   11   11    0      5.431E+02
    12   12   12    0      6.165E+02
    12   13   13    0      6.942E+02
    12   14   14    0      7.762E+02
    12   15   15    0      8.624E+02
    12   16   16    0      9.528E+02
    12   17   17    0      1.047E+03
    12   18   18    0      1.146E+03
    12   19   19    0      1.249E+03
    12   20   20    0      1.356E+03
    12   21   21    0      1.468E+03
    12   22   22    0      1.583E+03
    12   23   23    0      1.702E+03
    12   24   24    0      1.826E+03
    12   25   25    0      1.953E+03
    12   26   26    0      2.080E+03
    12   27   27    0      2.158E+03
    12   27   27    0      2.230E+03
    12   28   28    0      2.365E+03
    12   29   29    0      2.508E+03
    12   30   30    0      2.655E+03
    12   31   31    0      2.807E+03
    12   32   32    0      2.962E+03
    12   33   33    0      3.121E+03
    12   34   34    0      3.284E+03
    12   35   35    0      3.451E+03
    12   36   36    0      3.622E+03
    12   37   37    0      3.797E+03
    12   38   38    0      3.975E+03
    12   39   39    0      4.157E+03
    12   40   40    0      4.343E+03
    12   41   41    0      4.532E+03
    12   42   42    0      4.726E+03
    12   43   43    0      4.923E+03
    13   -8    0    8      6.024E+00
    13   -2    1    3      1.050E+01
    13    0    0    0      2.386E+01
    13    1    1    0      5.150E+01
    13    2    2    0      8.240E+01
    13    3    3    0      1.176E+02
    13    4    4    0      1.573E+02
    13    5    5    0      2.014E+02
    13    6    6    0      2.499E+02
    13    7    7    0      3.029E+02
    13    8    8    0      3.603E+02
    13    9    9    0      4.221E+02
    13   10   10    0      4.883E+02
    13   11   11    0      5.587E+02
    13   12   12    0      6.335E+02
    13   13   13    0      7.126E+02
    13   14   14    0      7.960E+02
    13   15   15    0      8.837E+02
    13   16   16    0      9.756E+02
    13   17   17    0      1.072E+03
    13   18   18    0      1.172E+03
    13   19   19    0      1.276E+03
    13   20   20    0      1.385E+03
    13   21   21    0      1.498E+03
    13   22   22    0      1.615E+03
    13   23   23    0      1.736E+03
    13   24   24    0      1.860E+03
    13   25   25    0      1.988E+03
    13   26   26    0      2.113E+03
    13   27   27    0      2.168E+03
    13   27   27    0      2.267E+03
    13   28   28    0      2.406E+03
    13   29   29    0      2.550E+03
    13   30   30    0      2.699E+03
    13   31   31    0      2.852E+03
    13   32   32    0      3.009E+03
    13   33   33    0      3.170E+03
    13   34   34    0      3.335E+03
    13   35   35    0      3.503E+03
    13   36   36    0      3.676E+03
    13   37   37    0      3.852E+03
    13   38   38    0      4.031E+03
    13   39   39    0      4.215E+03
    13   40   40    0      4.402E+03
    13   41   41    0      4.594E+03
    13   42   42    0      4.789E+03
    13   43   43    0      4.988E+03
    14  -24    0   24      2.022E+00
    14  -14    0   14      3.901E+00
    14   -9    0    9      5.828E+00
    14   -3    1    4      9.545E+00
    14   -2    0    2      1.225E+01
    14    0    1    1      1.408E+01
    14    0    0    0      2.515E+01
    14    1    1    0      5.412E+01
    14    2    2    0      8.624E+01
    14    3    3    0      1.227E+02
    14    4    4    0      1.636E+02
    14    5    5    0      2.089E+02
    14    6    6    0      2.588E+02
    14    7    7    0      3.131E+02
    14    8    8    0      3.718E+02
    14    9    9    0      4.349E+02
    14   10   10    0      5.024E+02
    14   11   11    0      5.742E+02
    14   12   12    0      6.504E+02
    14   13   13    0      7.309E+02
    14   14   14    0      8.157E+02
    14   15   15    0      9.047E+02
    14   16   16    0      9.980E+02
    14   17   17    0      1.096E+03
    14   18   18    0      1.197E+03
    14   19   19    0      1.303E+03
    14   20   20    0      1.413E+03
    14   21   21    0      1.528E+03
    14   22   22    0      1.646E+03
    14   23   23    0      1.768E+03
    14   24   24    0      1.894E+03
    14   25   25    0      2.023E+03
    14   26   26    0      2.139E+03
    14   27   27    0      2.183E+03
    14   27   27    0      2.305E+03
    14   28   28    0      2.446E+03
    14   29   29    0      2.592E+03
    14   30   30    0      2.743E+03
    14   31   31    0      2.897E+03
    14   32   32    0      3.056E+03
    14   33   33    0      3.218E+03
    14   34   34    0      3.384E+03
    14   35   35    0      3.554E+03
    14   36   36    0      3.728E+03
    14   37   37    0      3.906E+03
    14   38   38    0      4.087E+03
    14   39   39    0      4.272E+03
    14   40   40    0      4.461E+03
    14   41   41    0      4.654E+03
    14   42   42    0      4.851E+03
    15  -26    0   26      1.994E+00
    15  -15    0   15      3.910E+00
    15   -3    1    4      9.813E+00
    15   -1    1    2      1.242E+01
    15    0    1    1      1.416E+01
    15    0    0    0      2.645E+01
    15    1    1    0      5.674E+01
    15    2    2    0      9.008E+01
    15    3    3    0      1.277E+02
    15    4    4    0      1.699E+02
    15    5    5    0      2.165E+02
    15    6    6    0      2.676E+02
    15    7    7    0      3.232E+02
    15    8    8    0      3.832E+02
    15    9    9    0      4.476E+02
    15   10   10    0      5.164E+02
    15   11   11    0      5.896E+02
    15   12   12    0      6.671E+02
    15   13   13    0      7.490E+02
    15   14   14    0      8.351E+02
    15   15   15    0      9.256E+02
    15   16   16    0      1.020E+03
    15   17   17    0      1.119E+03
    15   18   18    0      1.222E+03
    15   19   19    0      1.330E+03
    15   20   20    0      1.441E+03
    15   21   21    0      1.557E+03
    15   22   22    0      1.677E+03
    15   23   23    0      1.801E+03
    15   24   24    0      1.928E+03
    15   25   25    0      2.057E+03
    15   26   26    0      2.153E+03
    15   27   27    0      2.210E+03
    15   27   27    0      2.342E+03
    15   28   28    0      2.486E+03
    15   29   29    0      2.633E+03
    15   30   30    0      2.786E+03
    15   31   31    0      2.942E+03
    15   32   32    0      3.102E+03
    15   33   33    0      3.266E+03
    15   34   34    0      3.433E+03
    15   35   35    0      3.605E+03
    15   36   36    0      3.780E+03
    15   37   37    0      3.959E+03
    15   38   38    0      4.142E+03
    15   39   39    0      4.329E+03
    15   40   40    0      4.519E+03
    15   41   41    0      4.714E+03
    15   42   42    0      4.912E+03
    16  -10    0   10      5.967E+00
    16   -2    1    3      1.121E+01
    16   -1    0    1      1.423E+01
    16    0    0    0      2.775E+01
    16    1    1    0      5.935E+01
    16    2    2    0      9.391E+01
    16    3    3    0      1.328E+02
    16    4    4    0      1.761E+02
    16    5    5    0      2.240E+02
    16    6    6    0      2.763E+02
    16    7    7    0      3.332E+02
    16    8    8    0      3.945E+02
    16    9    9    0      4.602E+02
    16   10   10    0      5.303E+02
    16   11   11    0      6.048E+02
    16   12   12    0      6.837E+02
    16   13   13    0      7.669E+02
    16   14   14    0      8.545E+02
    16   15   15    0      9.463E+02
    16   16   16    0      1.042E+03
    16   17   17    0      1.143E+03
    16   18   18    0      1.247E+03
    16   19   19    0      1.356E+03
    16   20   20    0      1.469E+03
    16   21   21    0      1.586E+03
    16   22   22    0      1.707E+03
    16   23   23    0      1.833E+03
    16   24   24    0      1.961E+03
    16   25   25    0      2.090E+03
    16   26   26    0      2.161E+03
    16   26   26    0      2.242E+03
    16   27   27    0      2.380E+03
    16   28   28    0      2.525E+03
    16   29   29    0      2.674E+03
    16   30   30    0      2.828E+03
    16   31   31    0      2.985E+03
    16   32   32    0      3.147E+03
    16   33   33    0      3.312E+03
    16   34   34    0      3.482E+03
    16   35   35    0      3.655E+03
    16   36   36    0      3.831E+03
    16   37   37    0      4.012E+03
    16   38   38    0      4.196E+03
    16   39   39    0      4.385E+03
    16   40   40    0      4.577E+03
    16   41   41    0      4.773E+03
    16   42   42    0      4.973E+03
    17  -31    0   31      1.862E+00
    17   -2    1    3      1.140E+01
    17   -1    0    1      1.429E+01
    17    0    0    0      2.906E+01
    17    1    1    0      6.197E+01
    17    2    2    0      9.774E+01
    17    3    3    0      1.378E+02
    17    4    4    0      1.824E+02
    17    5    5    0      2.315E+02
    17    6    6    0      2.851E+02
    17    7    7    0      3.432E+02
    17    8    8    0      4.057E+02
    17    9    9    0      4.727E+02
    17   10   10    0      5.442E+02
    17   11   11    0      6.200E+02
    17   12   12    0      7.002E+02
    17   13   13    0      7.847E+02
    17   14   14    0      8.736E+02
    17   15   15    0      9.668E+02
    17   16   16    0      1.064E+03
    17   17   17    0      1.166E+03
    17   18   18    0      1.272E+03
    17   19   19    0      1.382E+03
    17   20   20    0      1.497E+03
    17   21   21    0      1.615E+03
    17   22   22    0      1.738E+03
    17   23   23    0      1.864E+03
    17   24   24    0      1.994E+03
    17   25   25    0      2.119E+03
    17   26   26    0      2.171E+03
    17   26   26    0      2.276E+03
    17   27   27    0      2.417E+03
    17   28   28    0      2.564E+03
    17   29   29    0      2.715E+03
    17   30   30    0      2.870E+03
    17   31   31    0      3.029E+03
    17   32   32    0      3.192E+03
    17   33   33    0      3.359E+03
    17   34   34    0      3.529E+03
    17   35   35    0      3.704E+03
    17   36   36    0      3.882E+03
    17   37   37    0      4.064E+03
    17   38   38    0      4.250E+03
    17   39   39    0      4.440E+03
    17   40   40    0      4.634E+03
    17   41   41    0      4.831E+03
    18   -7    0    7      8.058E+00
    18   -2    1    3      1.157E+01
    18    0    0    0      1.435E+01
    18    0    0    0      3.037E+01
    18    1    1    0      6.458E+01
    18    2    2    0      1.016E+02
    18    3    3    0      1.428E+02
    18    4    4    0      1.886E+02
    18    5    5    0      2.389E+02
    18    6    6    0      2.938E+02
    18    7    7    0      3.531E+02
    18    8    8    0      4.169E+02
    18    9    9    0      4.852E+02
    18   10   10    0      5.579E+02
    18   11   11    0      6.351E+02
    18   12   12    0      7.166E+02
    18   13   13    0      8.025E+02
    18   14   14    0      8.927E+02
    18   15   15    0      9.872E+02
    18   16   16    0      1.086E+03
    18   17   17    0      1.189E+03
    18   18   18    0      1.297E+03
    18   19   19    0      1.408E+03
    18   20   20    0      1.524E+03
    18   21   21    0      1.644E+03
    18   22   22    0      1.768E+03
    18   23   23    0      1.896E+03
    18   24   24    0      2.026E+03
    18   25   25    0      2.141E+03
    18   26   26    0      2.187E+03
    18   26   26    0      2.311E+03
    18   27   27    0      2.454E+03
    18   28   28    0      2.602E+03
    18   29   29    0      2.755E+03
    18   30   30    0      2.911E+03
    18   31   31    0      3.072E+03
    18   32   32    0      3.236E+03
    18   33   33    0      3.405E+03
    18   34   34    0      3.577E+03
    18   35   35    0      3.753E+03
    18   36   36    0      3.932E+03
    18   37   37    0      4.116E+03
    18   38   38    0      4.303E+03
    18   39   39    0      4.495E+03
    18   40   40    0      4.690E+03
    18   41   41    0      4.889E+03
    19  -19    0   19      3.944E+00
    19   -8    0    8      7.687E+00
    19   -2    1    3      1.173E+01
    19   -2    0    2      1.296E+01
    19    0    0    0      3.168E+01
    19    1    1    0      6.720E+01
    19    2    2    0      1.054E+02
    19    3    3    0      1.479E+02
    19    4    4    0      1.948E+02
    19    5    5    0      2.464E+02
    19    6    6    0      3.024E+02
    19    7    7    0      3.630E+02
    19    8    8    0      4.281E+02
    19    9    9    0      4.976E+02
    19   10   10    0      5.716E+02
    19   11   11    0      6.501E+02
    19   12   12    0      7.329E+02
    19   13   13    0      8.201E+02
    19   14   14    0      9.116E+02
    19   15   15    0      1.008E+03
    19   16   16    0      1.108E+03
    19   17   17    0      1.212E+03
    19   18   18    0      1.321E+03
    19   19   19    0      1.434E+03
    19   20   20    0      1.551E+03
    19   21   21    0      1.672E+03
    19   22   22    0      1.798E+03
    19   23   23    0      1.927E+03
    19   24   24    0      2.058E+03
    19   25   25    0      2.154E+03
    19   26   26    0      2.212E+03
    19   26   26    0      2.346E+03
    19   27   27    0      2.491E+03
    19   28   28    0      2.641E+03
    19   29   29    0      2.795E+03
    19   30   30    0      2.953E+03
    19   31   31    0      3.115E+03
    19   32   32    0      3.280E+03
    19   33   33    0      3.450E+03
    19   34   34    0      3.624E+03
    19   35   35    0      3.801E+03
    19   36   36    0      3.982E+03
    19   37   37    0      4.167E+03
    19   38   38    0      4.356E+03
    19   39   39    0      4.549E+03
    19   40   40    0      4.745E+03
    19   41   41    0      4.946E+03
    20  -35    0   35      1.980E+00
    20  -20    0   20      3.951E+00
    20  -13    0   13      5.856E+00
    20   -8    0    8      7.903E+00
    20   -3    0    3      1.187E+01
    20   -1    0    1      1.306E+01
    20    0    0    0      3.299E+01
    20    1    1    0      6.981E+01
    20    2    2    0      1.092E+02
    20    3    3    0      1.529E+02
    20    4    4    0      2.010E+02
    20    5    5    0      2.538E+02
    20    6    6    0      3.111E+02
    20    7    7    0      3.729E+02
    20    8    8    0      4.392E+02
    20    9    9    0      5.100E+02
    20   10   10    0      5.853E+02
    20   11   11    0      6.650E+02
    20   12   12    0      7.491E+02
    20   13   13    0      8.376E+02
    20   14   14    0      9.305E+02
    20   15   15    0      1.028E+03
    20   16   16    0      1.129E+03
    20   17   17    0      1.235E+03
    20   18   18    0      1.345E+03
    20   19   19    0      1.459E+03
    20   20   20    0      1.578E+03
    20   21   21    0      1.701E+03
    20   22   22    0      1.827E+03
    20   23   23    0      1.957E+03
    20   24   24    0      2.088E+03
    20   25   25    0      2.162E+03
    20   25   25    0      2.242E+03
    20   26   26    0      2.381E+03
    20   27   27    0      2.528E+03
    20   28   28    0      2.679E+03
    20   29   29    0      2.834E+03
    20   30   30    0      2.993E+03
    20   31   31    0      3.157E+03
    20   32   32    0      3.324E+03
    20   33   33    0      3.495E+03
    20   34   34    0      3.670E+03
    20   35   35    0      3.849E+03
    20   36   36    0      4.032E+03
    20   37   37    0      4.218E+03
    20   38   38    0      4.408E+03
    20   39   39    0      4.602E+03
    20   40   40    0      4.801E+03
