 no convergence y02=   0.50 radius=   2.000000E+00
 no convergence y02=   0.50 radius=   2.100000E+00
 no convergence y02=   0.50 radius=   2.205000E+00
 no convergence y02=   0.50 radius=   2.315250E+00
 no convergence y02=   0.50 radius=   2.431012E+00
 no convergence y02=   0.50 radius=   2.552563E+00
 no convergence y02=   0.50 radius=   2.680191E+00
 no convergence y02=   0.50 radius=   2.814200E+00
 no convergence y02=   0.50 radius=   2.954910E+00
 no convergence y02=   0.50 radius=   3.102655E+00
 no convergence y02=   0.50 radius=   3.257788E+00
 no convergence y02=   0.50 radius=   3.420677E+00
 no convergence y02=   0.50 radius=   3.532967E+00

     y02   0.50 radius= 3.53297030E+00
1 polytropic model in hydrostatic balance

   599 zones

 yo2= 5.00000E-01 guess for surface radius= 3.533E+00 alpha= 5.454E+08
   lambda= 9.810E+05 rhobar= 1.335E+05 rmue = 1.000E+00
 totmas= 2.897E-06 int. mass= 2.010E+00 (solar masses) diff.=-6.936E+05
  rz0= 1.606E+06 p0= 7.383E+22 rho0= 9.810E+05
 max. g in zone  281 radius = 4.683E-01 mass = 3.064E+05
   i   radius     theta     dthdr       r         p        rho       g1         g        mr       rzone
    1 0.000E+00 1.000E+00 3.536E-01 3.212E+06 7.383E+22 9.810E+05 1.533E+00 8.807E+05 1.361E+26 4.818E+06
    2 5.888E-03 1.000E+00 2.406E-08 6.424E+06 7.382E+22 9.810E+05 1.533E+00 1.761E+06 1.089E+27 8.029E+06
    3 1.178E-02 1.000E+00 1.925E-07 9.635E+06 7.381E+22 9.809E+05 1.533E+00 2.642E+06 3.676E+27 1.124E+07
    4 1.766E-02 1.000E+00 6.496E-07 1.285E+07 7.380E+22 9.808E+05 1.533E+00 3.522E+06 8.712E+27 1.445E+07
    5 2.355E-02 1.000E+00 1.540E-06 1.606E+07 7.379E+22 9.807E+05 1.533E+00 4.403E+06 1.702E+28 1.766E+07
    6 2.944E-02 9.999E-01 3.007E-06 1.927E+07 7.377E+22 9.805E+05 1.533E+00 5.283E+06 2.940E+28 2.088E+07
    7 3.533E-02 9.999E-01 5.196E-06 2.248E+07 7.375E+22 9.804E+05 1.533E+00 6.162E+06 4.668E+28 2.409E+07
    8 4.122E-02 9.999E-01 8.250E-06 2.569E+07 7.373E+22 9.802E+05 1.533E+00 7.042E+06 6.967E+28 2.730E+07
    9 4.711E-02 9.999E-01 1.231E-05 2.891E+07 7.371E+22 9.800E+05 1.533E+00 7.921E+06 9.919E+28 3.051E+07
   10 5.299E-02 9.998E-01 1.753E-05 3.212E+07 7.368E+22 9.797E+05 1.533E+00 8.800E+06 1.360E+29 3.372E+07
   11 5.888E-02 9.998E-01 2.404E-05 3.533E+07 7.365E+22 9.794E+05 1.533E+00 9.679E+06 1.810E+29 3.694E+07
   12 6.477E-02 9.997E-01 3.200E-05 3.854E+07 7.361E+22 9.792E+05 1.533E+00 1.056E+07 2.350E+29 4.015E+07
   13 7.066E-02 9.997E-01 4.153E-05 4.175E+07 7.358E+22 9.788E+05 1.533E+00 1.143E+07 2.987E+29 4.336E+07
   14 7.655E-02 9.996E-01 5.279E-05 4.496E+07 7.354E+22 9.785E+05 1.533E+00 1.231E+07 3.730E+29 4.657E+07
   15 8.244E-02 9.996E-01 6.593E-05 4.818E+07 7.350E+22 9.782E+05 1.533E+00 1.319E+07 4.587E+29 4.978E+07
   16 8.832E-02 9.995E-01 8.107E-05 5.139E+07 7.345E+22 9.778E+05 1.533E+00 1.406E+07 5.566E+29 5.299E+07
   17 9.421E-02 9.994E-01 9.837E-05 5.460E+07 7.341E+22 9.774E+05 1.533E+00 1.494E+07 6.675E+29 5.621E+07
   18 1.001E-01 9.994E-01 1.180E-04 5.781E+07 7.336E+22 9.769E+05 1.533E+00 1.581E+07 7.921E+29 5.942E+07
   19 1.060E-01 9.993E-01 1.400E-04 6.102E+07 7.331E+22 9.765E+05 1.533E+00 1.669E+07 9.313E+29 6.263E+07
   20 1.119E-01 9.992E-01 1.646E-04 6.424E+07 7.325E+22 9.760E+05 1.533E+00 1.756E+07 1.086E+30 6.584E+07
   21 1.178E-01 9.991E-01 1.919E-04 6.745E+07 7.319E+22 9.755E+05 1.533E+00 1.843E+07 1.257E+30 6.905E+07
   22 1.237E-01 9.991E-01 2.221E-04 7.066E+07 7.313E+22 9.750E+05 1.533E+00 1.931E+07 1.445E+30 7.226E+07
   23 1.295E-01 9.990E-01 2.553E-04 7.387E+07 7.307E+22 9.744E+05 1.533E+00 2.018E+07 1.650E+30 7.548E+07
   24 1.354E-01 9.989E-01 2.916E-04 7.708E+07 7.300E+22 9.738E+05 1.534E+00 2.105E+07 1.874E+30 7.869E+07
   25 1.413E-01 9.988E-01 3.312E-04 8.029E+07 7.293E+22 9.733E+05 1.534E+00 2.192E+07 2.118E+30 8.190E+07
   26 1.472E-01 9.987E-01 3.742E-04 8.351E+07 7.286E+22 9.726E+05 1.534E+00 2.278E+07 2.381E+30 8.511E+07
   27 1.531E-01 9.986E-01 4.208E-04 8.672E+07 7.279E+22 9.720E+05 1.534E+00 2.365E+07 2.665E+30 8.832E+07
   28 1.590E-01 9.985E-01 4.710E-04 8.993E+07 7.271E+22 9.713E+05 1.534E+00 2.452E+07 2.971E+30 9.154E+07
   29 1.649E-01 9.983E-01 5.251E-04 9.314E+07 7.263E+22 9.706E+05 1.534E+00 2.538E+07 3.300E+30 9.475E+07
   30 1.708E-01 9.982E-01 5.832E-04 9.635E+07 7.255E+22 9.699E+05 1.534E+00 2.625E+07 3.652E+30 9.796E+07
   31 1.766E-01 9.981E-01 6.453E-04 9.956E+07 7.247E+22 9.692E+05 1.534E+00 2.711E+07 4.027E+30 1.012E+08
   32 1.825E-01 9.980E-01 7.117E-04 1.028E+08 7.238E+22 9.684E+05 1.534E+00 2.797E+07 4.428E+30 1.044E+08
   33 1.884E-01 9.978E-01 7.825E-04 1.060E+08 7.229E+22 9.676E+05 1.534E+00 2.883E+07 4.854E+30 1.076E+08
   34 1.943E-01 9.977E-01 8.578E-04 1.092E+08 7.220E+22 9.668E+05 1.534E+00 2.969E+07 5.306E+30 1.108E+08
   35 2.002E-01 9.976E-01 9.377E-04 1.124E+08 7.210E+22 9.660E+05 1.534E+00 3.055E+07 5.785E+30 1.140E+08
   36 2.061E-01 9.974E-01 1.022E-03 1.156E+08 7.201E+22 9.652E+05 1.534E+00 3.140E+07 6.292E+30 1.172E+08
   37 2.120E-01 9.973E-01 1.112E-03 1.188E+08 7.191E+22 9.643E+05 1.534E+00 3.226E+07 6.827E+30 1.204E+08
   38 2.179E-01 9.971E-01 1.207E-03 1.220E+08 7.180E+22 9.634E+05 1.534E+00 3.311E+07 7.392E+30 1.237E+08
   39 2.238E-01 9.970E-01 1.306E-03 1.253E+08 7.170E+22 9.625E+05 1.534E+00 3.396E+07 7.986E+30 1.269E+08
   40 2.296E-01 9.968E-01 1.411E-03 1.285E+08 7.159E+22 9.615E+05 1.534E+00 3.482E+07 8.612E+30 1.301E+08
   41 2.355E-01 9.967E-01 1.522E-03 1.317E+08 7.148E+22 9.606E+05 1.534E+00 3.566E+07 9.268E+30 1.333E+08
   42 2.414E-01 9.965E-01 1.638E-03 1.349E+08 7.137E+22 9.596E+05 1.534E+00 3.651E+07 9.957E+30 1.365E+08
   43 2.473E-01 9.963E-01 1.760E-03 1.381E+08 7.125E+22 9.586E+05 1.534E+00 3.736E+07 1.068E+31 1.397E+08
   44 2.532E-01 9.962E-01 1.887E-03 1.413E+08 7.114E+22 9.575E+05 1.534E+00 3.820E+07 1.143E+31 1.429E+08
   45 2.591E-01 9.960E-01 2.021E-03 1.445E+08 7.102E+22 9.565E+05 1.534E+00 3.905E+07 1.222E+31 1.461E+08
   46 2.650E-01 9.958E-01 2.160E-03 1.477E+08 7.089E+22 9.554E+05 1.534E+00 3.989E+07 1.305E+31 1.493E+08
   47 2.709E-01 9.956E-01 2.306E-03 1.510E+08 7.077E+22 9.543E+05 1.535E+00 4.073E+07 1.391E+31 1.526E+08
   48 2.767E-01 9.954E-01 2.458E-03 1.542E+08 7.064E+22 9.532E+05 1.535E+00 4.156E+07 1.480E+31 1.558E+08
   49 2.826E-01 9.952E-01 2.616E-03 1.574E+08 7.051E+22 9.521E+05 1.535E+00 4.240E+07 1.574E+31 1.590E+08
   50 2.885E-01 9.950E-01 2.781E-03 1.606E+08 7.038E+22 9.509E+05 1.535E+00 4.323E+07 1.671E+31 1.622E+08
   51 2.944E-01 9.948E-01 2.953E-03 1.638E+08 7.024E+22 9.497E+05 1.535E+00 4.407E+07 1.772E+31 1.654E+08
   52 3.003E-01 9.946E-01 3.131E-03 1.670E+08 7.011E+22 9.485E+05 1.535E+00 4.490E+07 1.877E+31 1.686E+08
   53 3.062E-01 9.944E-01 3.317E-03 1.702E+08 6.997E+22 9.473E+05 1.535E+00 4.572E+07 1.986E+31 1.718E+08
   54 3.121E-01 9.942E-01 3.509E-03 1.734E+08 6.983E+22 9.460E+05 1.535E+00 4.655E+07 2.098E+31 1.750E+08
   55 3.180E-01 9.940E-01 3.708E-03 1.766E+08 6.968E+22 9.448E+05 1.535E+00 4.737E+07 2.215E+31 1.783E+08
   56 3.239E-01 9.938E-01 3.915E-03 1.799E+08 6.954E+22 9.435E+05 1.535E+00 4.820E+07 2.337E+31 1.815E+08
   57 3.297E-01 9.936E-01 4.129E-03 1.831E+08 6.939E+22 9.421E+05 1.535E+00 4.902E+07 2.462E+31 1.847E+08
   58 3.356E-01 9.933E-01 4.351E-03 1.863E+08 6.924E+22 9.408E+05 1.535E+00 4.984E+07 2.592E+31 1.879E+08
   59 3.415E-01 9.931E-01 4.580E-03 1.895E+08 6.909E+22 9.395E+05 1.535E+00 5.065E+07 2.726E+31 1.911E+08
   60 3.474E-01 9.929E-01 4.817E-03 1.927E+08 6.893E+22 9.381E+05 1.535E+00 5.146E+07 2.864E+31 1.943E+08
   61 3.533E-01 9.926E-01 5.062E-03 1.959E+08 6.877E+22 9.367E+05 1.535E+00 5.228E+07 3.007E+31 1.975E+08
   62 3.592E-01 9.924E-01 5.314E-03 1.991E+08 6.861E+22 9.353E+05 1.536E+00 5.309E+07 3.155E+31 2.007E+08
   63 3.651E-01 9.921E-01 5.575E-03 2.023E+08 6.845E+22 9.338E+05 1.536E+00 5.389E+07 3.307E+31 2.039E+08
   64 3.710E-01 9.919E-01 5.844E-03 2.056E+08 6.829E+22 9.324E+05 1.536E+00 5.470E+07 3.464E+31 2.072E+08
   65 3.769E-01 9.916E-01 6.121E-03 2.088E+08 6.812E+22 9.309E+05 1.536E+00 5.550E+07 3.625E+31 2.104E+08
   66 3.827E-01 9.914E-01 6.406E-03 2.120E+08 6.795E+22 9.294E+05 1.536E+00 5.630E+07 3.791E+31 2.136E+08
   67 3.886E-01 9.911E-01 6.700E-03 2.152E+08 6.778E+22 9.279E+05 1.536E+00 5.710E+07 3.962E+31 2.168E+08
   68 3.945E-01 9.908E-01 7.003E-03 2.184E+08 6.761E+22 9.264E+05 1.536E+00 5.789E+07 4.138E+31 2.200E+08
   69 4.004E-01 9.906E-01 7.314E-03 2.216E+08 6.744E+22 9.248E+05 1.536E+00 5.869E+07 4.319E+31 2.232E+08
   70 4.063E-01 9.903E-01 7.633E-03 2.248E+08 6.726E+22 9.232E+05 1.536E+00 5.948E+07 4.505E+31 2.264E+08
   71 4.122E-01 9.900E-01 7.962E-03 2.280E+08 6.708E+22 9.216E+05 1.536E+00 6.026E+07 4.696E+31 2.296E+08
   72 4.181E-01 9.897E-01 8.300E-03 2.312E+08 6.690E+22 9.200E+05 1.536E+00 6.105E+07 4.893E+31 2.329E+08
   73 4.240E-01 9.895E-01 8.646E-03 2.345E+08 6.672E+22 9.184E+05 1.536E+00 6.183E+07 5.094E+31 2.361E+08
   74 4.298E-01 9.892E-01 9.002E-03 2.377E+08 6.653E+22 9.167E+05 1.537E+00 6.261E+07 5.300E+31 2.393E+08
   75 4.357E-01 9.889E-01 9.367E-03 2.409E+08 6.635E+22 9.150E+05 1.537E+00 6.339E+07 5.512E+31 2.425E+08
   76 4.416E-01 9.886E-01 9.742E-03 2.441E+08 6.616E+22 9.134E+05 1.537E+00 6.416E+07 5.729E+31 2.457E+08
   77 4.475E-01 9.883E-01 1.013E-02 2.473E+08 6.597E+22 9.116E+05 1.537E+00 6.494E+07 5.952E+31 2.489E+08
   78 4.534E-01 9.880E-01 1.052E-02 2.505E+08 6.578E+22 9.099E+05 1.537E+00 6.571E+07 6.180E+31 2.521E+08
   79 4.593E-01 9.877E-01 1.092E-02 2.537E+08 6.558E+22 9.082E+05 1.537E+00 6.647E+07 6.413E+31 2.553E+08
   80 4.652E-01 9.874E-01 1.133E-02 2.569E+08 6.539E+22 9.064E+05 1.537E+00 6.724E+07 6.652E+31 2.585E+08
   81 4.711E-01 9.871E-01 1.176E-02 2.602E+08 6.519E+22 9.046E+05 1.537E+00 6.800E+07 6.897E+31 2.618E+08
   82 4.770E-01 9.868E-01 1.219E-02 2.634E+08 6.499E+22 9.028E+05 1.537E+00 6.876E+07 7.147E+31 2.650E+08
   83 4.828E-01 9.864E-01 1.263E-02 2.666E+08 6.479E+22 9.010E+05 1.537E+00 6.951E+07 7.403E+31 2.682E+08
   84 4.887E-01 9.861E-01 1.308E-02 2.698E+08 6.458E+22 8.992E+05 1.538E+00 7.026E+07 7.664E+31 2.714E+08
   85 4.946E-01 9.858E-01 1.354E-02 2.730E+08 6.438E+22 8.973E+05 1.538E+00 7.101E+07 7.932E+31 2.746E+08
   86 5.005E-01 9.855E-01 1.402E-02 2.762E+08 6.417E+22 8.954E+05 1.538E+00 7.176E+07 8.205E+31 2.778E+08
   87 5.064E-01 9.851E-01 1.450E-02 2.794E+08 6.396E+22 8.935E+05 1.538E+00 7.250E+07 8.484E+31 2.810E+08
   88 5.123E-01 9.848E-01 1.499E-02 2.826E+08 6.375E+22 8.916E+05 1.538E+00 7.324E+07 8.769E+31 2.842E+08
   89 5.182E-01 9.844E-01 1.550E-02 2.858E+08 6.354E+22 8.897E+05 1.538E+00 7.398E+07 9.059E+31 2.875E+08
   90 5.241E-01 9.841E-01 1.601E-02 2.891E+08 6.333E+22 8.878E+05 1.538E+00 7.472E+07 9.356E+31 2.907E+08
   91 5.299E-01 9.838E-01 1.653E-02 2.923E+08 6.311E+22 8.858E+05 1.538E+00 7.545E+07 9.659E+31 2.939E+08
   92 5.358E-01 9.834E-01 1.707E-02 2.955E+08 6.290E+22 8.838E+05 1.538E+00 7.618E+07 9.968E+31 2.971E+08
   93 5.417E-01 9.831E-01 1.762E-02 2.987E+08 6.268E+22 8.818E+05 1.539E+00 7.690E+07 1.028E+32 3.003E+08
   94 5.476E-01 9.827E-01 1.817E-02 3.019E+08 6.246E+22 8.798E+05 1.539E+00 7.762E+07 1.060E+32 3.035E+08
   95 5.535E-01 9.823E-01 1.874E-02 3.051E+08 6.224E+22 8.778E+05 1.539E+00 7.834E+07 1.093E+32 3.067E+08
   96 5.594E-01 9.820E-01 1.932E-02 3.083E+08 6.202E+22 8.757E+05 1.539E+00 7.906E+07 1.126E+32 3.099E+08
   97 5.653E-01 9.816E-01 1.991E-02 3.115E+08 6.179E+22 8.737E+05 1.539E+00 7.977E+07 1.160E+32 3.131E+08
   98 5.712E-01 9.812E-01 2.051E-02 3.148E+08 6.157E+22 8.716E+05 1.539E+00 8.048E+07 1.195E+32 3.164E+08
   99 5.771E-01 9.809E-01 2.112E-02 3.180E+08 6.134E+22 8.695E+05 1.539E+00 8.119E+07 1.230E+32 3.196E+08
  100 5.829E-01 9.805E-01 2.174E-02 3.212E+08 6.111E+22 8.674E+05 1.539E+00 8.189E+07 1.266E+32 3.228E+08
  101 5.888E-01 9.801E-01 2.237E-02 3.244E+08 6.088E+22 8.653E+05 1.539E+00 8.259E+07 1.302E+32 3.260E+08
  102 5.947E-01 9.797E-01 2.302E-02 3.276E+08 6.065E+22 8.632E+05 1.540E+00 8.328E+07 1.340E+32 3.292E+08
  103 6.006E-01 9.793E-01 2.367E-02 3.308E+08 6.042E+22 8.610E+05 1.540E+00 8.398E+07 1.377E+32 3.324E+08
  104 6.065E-01 9.789E-01 2.434E-02 3.340E+08 6.018E+22 8.588E+05 1.540E+00 8.467E+07 1.416E+32 3.356E+08
  105 6.124E-01 9.786E-01 2.502E-02 3.372E+08 5.995E+22 8.567E+05 1.540E+00 8.535E+07 1.455E+32 3.388E+08
  106 6.183E-01 9.782E-01 2.571E-02 3.404E+08 5.971E+22 8.545E+05 1.540E+00 8.604E+07 1.494E+32 3.421E+08
  107 6.242E-01 9.778E-01 2.641E-02 3.437E+08 5.947E+22 8.523E+05 1.540E+00 8.671E+07 1.535E+32 3.453E+08
  108 6.300E-01 9.774E-01 2.712E-02 3.469E+08 5.924E+22 8.500E+05 1.540E+00 8.739E+07 1.576E+32 3.485E+08
  109 6.359E-01 9.770E-01 2.785E-02 3.501E+08 5.900E+22 8.478E+05 1.540E+00 8.806E+07 1.617E+32 3.517E+08
  110 6.418E-01 9.765E-01 2.858E-02 3.533E+08 5.875E+22 8.455E+05 1.541E+00 8.873E+07 1.660E+32 3.549E+08
  111 6.477E-01 9.761E-01 2.933E-02 3.565E+08 5.851E+22 8.433E+05 1.541E+00 8.940E+07 1.703E+32 3.581E+08
  112 6.536E-01 9.757E-01 3.009E-02 3.597E+08 5.827E+22 8.410E+05 1.541E+00 9.006E+07 1.746E+32 3.613E+08
  113 6.595E-01 9.753E-01 3.086E-02 3.629E+08 5.802E+22 8.387E+05 1.541E+00 9.072E+07 1.791E+32 3.645E+08
  114 6.654E-01 9.749E-01 3.165E-02 3.661E+08 5.778E+22 8.364E+05 1.541E+00 9.137E+07 1.836E+32 3.677E+08
  115 6.713E-01 9.745E-01 3.244E-02 3.694E+08 5.753E+22 8.341E+05 1.541E+00 9.202E+07 1.881E+32 3.710E+08
  116 6.772E-01 9.740E-01 3.325E-02 3.726E+08 5.728E+22 8.317E+05 1.541E+00 9.267E+07 1.928E+32 3.742E+08
  117 6.830E-01 9.736E-01 3.407E-02 3.758E+08 5.703E+22 8.294E+05 1.542E+00 9.331E+07 1.975E+32 3.774E+08
  118 6.889E-01 9.732E-01 3.490E-02 3.790E+08 5.678E+22 8.270E+05 1.542E+00 9.395E+07 2.022E+32 3.806E+08
  119 6.948E-01 9.727E-01 3.574E-02 3.822E+08 5.653E+22 8.247E+05 1.542E+00 9.459E+07 2.071E+32 3.838E+08
  120 7.007E-01 9.723E-01 3.659E-02 3.854E+08 5.628E+22 8.223E+05 1.542E+00 9.522E+07 2.120E+32 3.870E+08
  121 7.066E-01 9.718E-01 3.746E-02 3.886E+08 5.603E+22 8.199E+05 1.542E+00 9.585E+07 2.169E+32 3.902E+08
  122 7.125E-01 9.714E-01 3.834E-02 3.918E+08 5.577E+22 8.175E+05 1.542E+00 9.647E+07 2.220E+32 3.934E+08
  123 7.184E-01 9.710E-01 3.923E-02 3.950E+08 5.552E+22 8.151E+05 1.542E+00 9.710E+07 2.271E+32 3.967E+08
  124 7.243E-01 9.705E-01 4.013E-02 3.983E+08 5.526E+22 8.126E+05 1.543E+00 9.771E+07 2.323E+32 3.999E+08
  125 7.301E-01 9.701E-01 4.105E-02 4.015E+08 5.501E+22 8.102E+05 1.543E+00 9.833E+07 2.375E+32 4.031E+08
  126 7.360E-01 9.696E-01 4.197E-02 4.047E+08 5.475E+22 8.077E+05 1.543E+00 9.894E+07 2.428E+32 4.063E+08
  127 7.419E-01 9.691E-01 4.291E-02 4.079E+08 5.449E+22 8.053E+05 1.543E+00 9.954E+07 2.482E+32 4.095E+08
  128 7.478E-01 9.687E-01 4.386E-02 4.111E+08 5.423E+22 8.028E+05 1.543E+00 1.001E+08 2.537E+32 4.127E+08
  129 7.537E-01 9.682E-01 4.483E-02 4.143E+08 5.398E+22 8.003E+05 1.543E+00 1.007E+08 2.592E+32 4.159E+08
  130 7.596E-01 9.677E-01 4.580E-02 4.175E+08 5.371E+22 7.978E+05 1.544E+00 1.013E+08 2.648E+32 4.191E+08
  131 7.655E-01 9.673E-01 4.679E-02 4.207E+08 5.345E+22 7.953E+05 1.544E+00 1.019E+08 2.704E+32 4.223E+08
  132 7.714E-01 9.668E-01 4.779E-02 4.240E+08 5.319E+22 7.928E+05 1.544E+00 1.025E+08 2.761E+32 4.256E+08
  133 7.773E-01 9.663E-01 4.880E-02 4.272E+08 5.293E+22 7.902E+05 1.544E+00 1.031E+08 2.819E+32 4.288E+08
  134 7.831E-01 9.658E-01 4.983E-02 4.304E+08 5.267E+22 7.877E+05 1.544E+00 1.037E+08 2.878E+32 4.320E+08
  135 7.890E-01 9.654E-01 5.086E-02 4.336E+08 5.240E+22 7.851E+05 1.544E+00 1.043E+08 2.937E+32 4.352E+08
  136 7.949E-01 9.649E-01 5.191E-02 4.368E+08 5.214E+22 7.826E+05 1.544E+00 1.048E+08 2.997E+32 4.384E+08
  137 8.008E-01 9.644E-01 5.297E-02 4.400E+08 5.188E+22 7.800E+05 1.545E+00 1.054E+08 3.058E+32 4.416E+08
  138 8.067E-01 9.639E-01 5.404E-02 4.432E+08 5.161E+22 7.774E+05 1.545E+00 1.060E+08 3.119E+32 4.448E+08
  139 8.126E-01 9.634E-01 5.513E-02 4.464E+08 5.135E+22 7.748E+05 1.545E+00 1.065E+08 3.182E+32 4.480E+08
  140 8.185E-01 9.629E-01 5.623E-02 4.496E+08 5.108E+22 7.722E+05 1.545E+00 1.071E+08 3.244E+32 4.513E+08
  141 8.244E-01 9.624E-01 5.733E-02 4.529E+08 5.081E+22 7.696E+05 1.545E+00 1.076E+08 3.308E+32 4.545E+08
  142 8.302E-01 9.619E-01 5.846E-02 4.561E+08 5.055E+22 7.670E+05 1.545E+00 1.082E+08 3.372E+32 4.577E+08
  143 8.361E-01 9.614E-01 5.959E-02 4.593E+08 5.028E+22 7.644E+05 1.546E+00 1.087E+08 3.437E+32 4.609E+08
  144 8.420E-01 9.609E-01 6.074E-02 4.625E+08 5.001E+22 7.617E+05 1.546E+00 1.093E+08 3.502E+32 4.641E+08
  145 8.479E-01 9.604E-01 6.189E-02 4.657E+08 4.974E+22 7.591E+05 1.546E+00 1.098E+08 3.569E+32 4.673E+08
  146 8.538E-01 9.599E-01 6.306E-02 4.689E+08 4.947E+22 7.564E+05 1.546E+00 1.103E+08 3.635E+32 4.705E+08
  147 8.597E-01 9.594E-01 6.425E-02 4.721E+08 4.921E+22 7.538E+05 1.546E+00 1.108E+08 3.703E+32 4.737E+08
  148 8.656E-01 9.589E-01 6.544E-02 4.753E+08 4.894E+22 7.511E+05 1.546E+00 1.114E+08 3.771E+32 4.769E+08
  149 8.715E-01 9.584E-01 6.665E-02 4.786E+08 4.867E+22 7.484E+05 1.547E+00 1.119E+08 3.840E+32 4.802E+08
  150 8.774E-01 9.578E-01 6.787E-02 4.818E+08 4.840E+22 7.457E+05 1.547E+00 1.124E+08 3.910E+32 4.834E+08
  151 8.832E-01 9.573E-01 6.910E-02 4.850E+08 4.813E+22 7.430E+05 1.547E+00 1.129E+08 3.980E+32 4.866E+08
  152 8.891E-01 9.568E-01 7.034E-02 4.882E+08 4.786E+22 7.403E+05 1.547E+00 1.134E+08 4.051E+32 4.898E+08
  153 8.950E-01 9.563E-01 7.159E-02 4.914E+08 4.759E+22 7.376E+05 1.547E+00 1.139E+08 4.123E+32 4.930E+08
  154 9.009E-01 9.557E-01 7.286E-02 4.946E+08 4.732E+22 7.349E+05 1.548E+00 1.144E+08 4.195E+32 4.962E+08
  155 9.068E-01 9.552E-01 7.414E-02 4.978E+08 4.705E+22 7.322E+05 1.548E+00 1.149E+08 4.268E+32 4.994E+08
  156 9.127E-01 9.547E-01 7.543E-02 5.010E+08 4.677E+22 7.295E+05 1.548E+00 1.154E+08 4.342E+32 5.026E+08
  157 9.186E-01 9.541E-01 7.673E-02 5.042E+08 4.650E+22 7.267E+05 1.548E+00 1.159E+08 4.416E+32 5.059E+08
  158 9.245E-01 9.536E-01 7.805E-02 5.075E+08 4.623E+22 7.240E+05 1.548E+00 1.164E+08 4.491E+32 5.091E+08
  159 9.303E-01 9.531E-01 7.937E-02 5.107E+08 4.596E+22 7.213E+05 1.548E+00 1.169E+08 4.567E+32 5.123E+08
  160 9.362E-01 9.525E-01 8.071E-02 5.139E+08 4.569E+22 7.185E+05 1.549E+00 1.173E+08 4.644E+32 5.155E+08
  161 9.421E-01 9.520E-01 8.206E-02 5.171E+08 4.542E+22 7.157E+05 1.549E+00 1.178E+08 4.721E+32 5.187E+08
  162 9.480E-01 9.514E-01 8.342E-02 5.203E+08 4.515E+22 7.130E+05 1.549E+00 1.183E+08 4.798E+32 5.219E+08
  163 9.539E-01 9.509E-01 8.480E-02 5.235E+08 4.488E+22 7.102E+05 1.549E+00 1.187E+08 4.877E+32 5.251E+08
  164 9.598E-01 9.503E-01 8.618E-02 5.267E+08 4.460E+22 7.074E+05 1.549E+00 1.192E+08 4.956E+32 5.283E+08
  165 9.657E-01 9.498E-01 8.758E-02 5.299E+08 4.433E+22 7.047E+05 1.550E+00 1.196E+08 5.035E+32 5.315E+08
  166 9.716E-01 9.492E-01 8.899E-02 5.332E+08 4.406E+22 7.019E+05 1.550E+00 1.201E+08 5.116E+32 5.348E+08
  167 9.775E-01 9.487E-01 9.041E-02 5.364E+08 4.379E+22 6.991E+05 1.550E+00 1.205E+08 5.197E+32 5.380E+08
  168 9.833E-01 9.481E-01 9.184E-02 5.396E+08 4.352E+22 6.963E+05 1.550E+00 1.210E+08 5.278E+32 5.412E+08
  169 9.892E-01 9.475E-01 9.328E-02 5.428E+08 4.325E+22 6.935E+05 1.550E+00 1.214E+08 5.361E+32 5.444E+08
  170 9.951E-01 9.470E-01 9.474E-02 5.460E+08 4.298E+22 6.907E+05 1.551E+00 1.218E+08 5.444E+32 5.476E+08
  171 1.001E+00 9.464E-01 9.620E-02 5.492E+08 4.271E+22 6.879E+05 1.551E+00 1.223E+08 5.527E+32 5.508E+08
  172 1.007E+00 9.458E-01 9.768E-02 5.524E+08 4.244E+22 6.851E+05 1.551E+00 1.227E+08 5.612E+32 5.540E+08
  173 1.013E+00 9.453E-01 9.917E-02 5.556E+08 4.217E+22 6.822E+05 1.551E+00 1.231E+08 5.696E+32 5.572E+08
  174 1.019E+00 9.447E-01 1.007E-01 5.588E+08 4.190E+22 6.794E+05 1.551E+00 1.235E+08 5.782E+32 5.605E+08
  175 1.025E+00 9.441E-01 1.022E-01 5.621E+08 4.163E+22 6.766E+05 1.552E+00 1.239E+08 5.868E+32 5.637E+08
  176 1.030E+00 9.436E-01 1.037E-01 5.653E+08 4.136E+22 6.738E+05 1.552E+00 1.244E+08 5.955E+32 5.669E+08
  177 1.036E+00 9.430E-01 1.052E-01 5.685E+08 4.109E+22 6.709E+05 1.552E+00 1.248E+08 6.042E+32 5.701E+08
  178 1.042E+00 9.424E-01 1.068E-01 5.717E+08 4.082E+22 6.681E+05 1.552E+00 1.252E+08 6.130E+32 5.733E+08
  179 1.048E+00 9.418E-01 1.083E-01 5.749E+08 4.055E+22 6.653E+05 1.552E+00 1.255E+08 6.219E+32 5.765E+08
  180 1.054E+00 9.412E-01 1.099E-01 5.781E+08 4.028E+22 6.624E+05 1.553E+00 1.259E+08 6.308E+32 5.797E+08
  181 1.060E+00 9.407E-01 1.115E-01 5.813E+08 4.001E+22 6.596E+05 1.553E+00 1.263E+08 6.398E+32 5.829E+08
  182 1.066E+00 9.401E-01 1.131E-01 5.845E+08 3.974E+22 6.567E+05 1.553E+00 1.267E+08 6.488E+32 5.861E+08
  183 1.072E+00 9.395E-01 1.147E-01 5.878E+08 3.948E+22 6.539E+05 1.553E+00 1.271E+08 6.579E+32 5.894E+08
  184 1.078E+00 9.389E-01 1.163E-01 5.910E+08 3.921E+22 6.510E+05 1.553E+00 1.275E+08 6.671E+32 5.926E+08
  185 1.083E+00 9.383E-01 1.179E-01 5.942E+08 3.894E+22 6.482E+05 1.554E+00 1.278E+08 6.763E+32 5.958E+08
  186 1.089E+00 9.377E-01 1.195E-01 5.974E+08 3.868E+22 6.453E+05 1.554E+00 1.282E+08 6.856E+32 5.990E+08
  187 1.095E+00 9.371E-01 1.212E-01 6.006E+08 3.841E+22 6.425E+05 1.554E+00 1.286E+08 6.950E+32 6.022E+08
  188 1.101E+00 9.365E-01 1.228E-01 6.038E+08 3.814E+22 6.396E+05 1.554E+00 1.289E+08 7.044E+32 6.054E+08
  189 1.107E+00 9.359E-01 1.245E-01 6.070E+08 3.788E+22 6.367E+05 1.554E+00 1.293E+08 7.138E+32 6.086E+08
  190 1.113E+00 9.353E-01 1.262E-01 6.102E+08 3.762E+22 6.339E+05 1.555E+00 1.296E+08 7.234E+32 6.118E+08
  191 1.119E+00 9.347E-01 1.278E-01 6.134E+08 3.735E+22 6.310E+05 1.555E+00 1.300E+08 7.329E+32 6.151E+08
  192 1.125E+00 9.341E-01 1.295E-01 6.167E+08 3.709E+22 6.281E+05 1.555E+00 1.303E+08 7.426E+32 6.183E+08
  193 1.131E+00 9.335E-01 1.312E-01 6.199E+08 3.682E+22 6.253E+05 1.555E+00 1.306E+08 7.523E+32 6.215E+08
  194 1.136E+00 9.329E-01 1.329E-01 6.231E+08 3.656E+22 6.224E+05 1.556E+00 1.310E+08 7.620E+32 6.247E+08
  195 1.142E+00 9.323E-01 1.347E-01 6.263E+08 3.630E+22 6.195E+05 1.556E+00 1.313E+08 7.718E+32 6.279E+08
  196 1.148E+00 9.317E-01 1.364E-01 6.295E+08 3.604E+22 6.167E+05 1.556E+00 1.316E+08 7.817E+32 6.311E+08
  197 1.154E+00 9.311E-01 1.381E-01 6.327E+08 3.578E+22 6.138E+05 1.556E+00 1.319E+08 7.916E+32 6.343E+08
  198 1.160E+00 9.305E-01 1.399E-01 6.359E+08 3.552E+22 6.109E+05 1.556E+00 1.323E+08 8.015E+32 6.375E+08
  199 1.166E+00 9.298E-01 1.417E-01 6.391E+08 3.526E+22 6.081E+05 1.557E+00 1.326E+08 8.116E+32 6.407E+08
  200 1.172E+00 9.292E-01 1.434E-01 6.424E+08 3.500E+22 6.052E+05 1.557E+00 1.329E+08 8.216E+32 6.440E+08
  201 1.178E+00 9.286E-01 1.452E-01 6.456E+08 3.474E+22 6.023E+05 1.557E+00 1.332E+08 8.318E+32 6.472E+08
  202 1.184E+00 9.280E-01 1.470E-01 6.488E+08 3.448E+22 5.994E+05 1.557E+00 1.335E+08 8.420E+32 6.504E+08
  203 1.189E+00 9.274E-01 1.488E-01 6.520E+08 3.423E+22 5.966E+05 1.558E+00 1.338E+08 8.522E+32 6.536E+08
  204 1.195E+00 9.268E-01 1.506E-01 6.552E+08 3.397E+22 5.937E+05 1.558E+00 1.341E+08 8.625E+32 6.568E+08
  205 1.201E+00 9.261E-01 1.524E-01 6.584E+08 3.372E+22 5.908E+05 1.558E+00 1.343E+08 8.728E+32 6.600E+08
  206 1.207E+00 9.255E-01 1.542E-01 6.616E+08 3.346E+22 5.880E+05 1.558E+00 1.346E+08 8.832E+32 6.632E+08
  207 1.213E+00 9.249E-01 1.561E-01 6.648E+08 3.321E+22 5.851E+05 1.558E+00 1.349E+08 8.936E+32 6.664E+08
  208 1.219E+00 9.243E-01 1.579E-01 6.680E+08 3.295E+22 5.822E+05 1.559E+00 1.352E+08 9.041E+32 6.697E+08
  209 1.225E+00 9.236E-01 1.598E-01 6.713E+08 3.270E+22 5.793E+05 1.559E+00 1.354E+08 9.147E+32 6.729E+08
  210 1.231E+00 9.230E-01 1.616E-01 6.745E+08 3.245E+22 5.765E+05 1.559E+00 1.357E+08 9.252E+32 6.761E+08
  211 1.237E+00 9.224E-01 1.635E-01 6.777E+08 3.220E+22 5.736E+05 1.559E+00 1.360E+08 9.359E+32 6.793E+08
  212 1.242E+00 9.217E-01 1.654E-01 6.809E+08 3.195E+22 5.708E+05 1.560E+00 1.362E+08 9.466E+32 6.825E+08
  213 1.248E+00 9.211E-01 1.673E-01 6.841E+08 3.170E+22 5.679E+05 1.560E+00 1.365E+08 9.573E+32 6.857E+08
  214 1.254E+00 9.205E-01 1.692E-01 6.873E+08 3.145E+22 5.650E+05 1.560E+00 1.367E+08 9.681E+32 6.889E+08
  215 1.260E+00 9.198E-01 1.711E-01 6.905E+08 3.120E+22 5.622E+05 1.560E+00 1.370E+08 9.789E+32 6.921E+08
  216 1.266E+00 9.192E-01 1.730E-01 6.937E+08 3.095E+22 5.593E+05 1.561E+00 1.372E+08 9.898E+32 6.953E+08
  217 1.272E+00 9.186E-01 1.749E-01 6.970E+08 3.071E+22 5.565E+05 1.561E+00 1.375E+08 1.001E+33 6.986E+08
  218 1.278E+00 9.179E-01 1.768E-01 7.002E+08 3.046E+22 5.536E+05 1.561E+00 1.377E+08 1.012E+33 7.018E+08
  219 1.284E+00 9.173E-01 1.788E-01 7.034E+08 3.022E+22 5.507E+05 1.561E+00 1.379E+08 1.023E+33 7.050E+08
  220 1.290E+00 9.167E-01 1.807E-01 7.066E+08 2.997E+22 5.479E+05 1.562E+00 1.382E+08 1.034E+33 7.082E+08
  221 1.295E+00 9.160E-01 1.827E-01 7.098E+08 2.973E+22 5.450E+05 1.562E+00 1.384E+08 1.045E+33 7.114E+08
  222 1.301E+00 9.154E-01 1.846E-01 7.130E+08 2.949E+22 5.422E+05 1.562E+00 1.386E+08 1.056E+33 7.146E+08
  223 1.307E+00 9.147E-01 1.866E-01 7.162E+08 2.925E+22 5.394E+05 1.562E+00 1.388E+08 1.067E+33 7.178E+08
  224 1.313E+00 9.141E-01 1.886E-01 7.194E+08 2.901E+22 5.365E+05 1.562E+00 1.390E+08 1.078E+33 7.210E+08
  225 1.319E+00 9.134E-01 1.906E-01 7.226E+08 2.877E+22 5.337E+05 1.563E+00 1.392E+08 1.090E+33 7.243E+08
  226 1.325E+00 9.128E-01 1.926E-01 7.259E+08 2.853E+22 5.309E+05 1.563E+00 1.394E+08 1.101E+33 7.275E+08
  227 1.331E+00 9.122E-01 1.945E-01 7.291E+08 2.829E+22 5.280E+05 1.563E+00 1.396E+08 1.112E+33 7.307E+08
  228 1.337E+00 9.115E-01 1.966E-01 7.323E+08 2.806E+22 5.252E+05 1.563E+00 1.398E+08 1.124E+33 7.339E+08
  229 1.343E+00 9.109E-01 1.986E-01 7.355E+08 2.782E+22 5.224E+05 1.564E+00 1.400E+08 1.135E+33 7.371E+08
  230 1.348E+00 9.102E-01 2.006E-01 7.387E+08 2.759E+22 5.195E+05 1.564E+00 1.402E+08 1.146E+33 7.403E+08
  231 1.354E+00 9.096E-01 2.026E-01 7.419E+08 2.735E+22 5.167E+05 1.564E+00 1.404E+08 1.158E+33 7.435E+08
  232 1.360E+00 9.089E-01 2.046E-01 7.451E+08 2.712E+22 5.139E+05 1.564E+00 1.405E+08 1.169E+33 7.467E+08
  233 1.366E+00 9.083E-01 2.067E-01 7.483E+08 2.689E+22 5.111E+05 1.565E+00 1.407E+08 1.181E+33 7.499E+08
  234 1.372E+00 9.076E-01 2.087E-01 7.516E+08 2.666E+22 5.083E+05 1.565E+00 1.409E+08 1.193E+33 7.532E+08
  235 1.378E+00 9.069E-01 2.108E-01 7.548E+08 2.643E+22 5.055E+05 1.565E+00 1.411E+08 1.204E+33 7.564E+08
  236 1.384E+00 9.063E-01 2.128E-01 7.580E+08 2.620E+22 5.027E+05 1.565E+00 1.412E+08 1.216E+33 7.596E+08
  237 1.390E+00 9.056E-01 2.149E-01 7.612E+08 2.597E+22 4.999E+05 1.566E+00 1.414E+08 1.228E+33 7.628E+08
  238 1.396E+00 9.050E-01 2.170E-01 7.644E+08 2.574E+22 4.971E+05 1.566E+00 1.415E+08 1.239E+33 7.660E+08
  239 1.401E+00 9.043E-01 2.190E-01 7.676E+08 2.552E+22 4.943E+05 1.566E+00 1.417E+08 1.251E+33 7.692E+08
  240 1.407E+00 9.037E-01 2.211E-01 7.708E+08 2.529E+22 4.915E+05 1.566E+00 1.418E+08 1.263E+33 7.724E+08
  241 1.413E+00 9.030E-01 2.232E-01 7.740E+08 2.507E+22 4.888E+05 1.567E+00 1.420E+08 1.275E+33 7.756E+08
  242 1.419E+00 9.023E-01 2.253E-01 7.772E+08 2.485E+22 4.860E+05 1.567E+00 1.421E+08 1.287E+33 7.789E+08
  243 1.425E+00 9.017E-01 2.274E-01 7.805E+08 2.463E+22 4.832E+05 1.567E+00 1.423E+08 1.299E+33 7.821E+08
  244 1.431E+00 9.010E-01 2.295E-01 7.837E+08 2.441E+22 4.805E+05 1.567E+00 1.424E+08 1.310E+33 7.853E+08
  245 1.437E+00 9.004E-01 2.316E-01 7.869E+08 2.419E+22 4.777E+05 1.568E+00 1.425E+08 1.322E+33 7.885E+08
  246 1.443E+00 8.997E-01 2.337E-01 7.901E+08 2.397E+22 4.750E+05 1.568E+00 1.426E+08 1.334E+33 7.917E+08
  247 1.449E+00 8.990E-01 2.358E-01 7.933E+08 2.375E+22 4.722E+05 1.568E+00 1.428E+08 1.346E+33 7.949E+08
  248 1.454E+00 8.984E-01 2.380E-01 7.965E+08 2.354E+22 4.695E+05 1.569E+00 1.429E+08 1.358E+33 7.981E+08
  249 1.460E+00 8.977E-01 2.401E-01 7.997E+08 2.332E+22 4.667E+05 1.569E+00 1.430E+08 1.371E+33 8.013E+08
  250 1.466E+00 8.971E-01 2.422E-01 8.029E+08 2.311E+22 4.640E+05 1.569E+00 1.431E+08 1.383E+33 8.045E+08
  251 1.472E+00 8.964E-01 2.444E-01 8.062E+08 2.289E+22 4.613E+05 1.569E+00 1.432E+08 1.395E+33 8.078E+08
  252 1.478E+00 8.957E-01 2.465E-01 8.094E+08 2.268E+22 4.585E+05 1.570E+00 1.433E+08 1.407E+33 8.110E+08
  253 1.484E+00 8.951E-01 2.486E-01 8.126E+08 2.247E+22 4.558E+05 1.570E+00 1.434E+08 1.419E+33 8.142E+08
  254 1.490E+00 8.944E-01 2.508E-01 8.158E+08 2.226E+22 4.531E+05 1.570E+00 1.435E+08 1.431E+33 8.174E+08
  255 1.496E+00 8.937E-01 2.529E-01 8.190E+08 2.205E+22 4.504E+05 1.570E+00 1.436E+08 1.444E+33 8.206E+08
  256 1.502E+00 8.931E-01 2.551E-01 8.222E+08 2.185E+22 4.477E+05 1.571E+00 1.437E+08 1.456E+33 8.238E+08
  257 1.507E+00 8.924E-01 2.573E-01 8.254E+08 2.164E+22 4.450E+05 1.571E+00 1.438E+08 1.468E+33 8.270E+08
  258 1.513E+00 8.917E-01 2.594E-01 8.286E+08 2.143E+22 4.423E+05 1.571E+00 1.439E+08 1.480E+33 8.302E+08
  259 1.519E+00 8.911E-01 2.616E-01 8.318E+08 2.123E+22 4.396E+05 1.571E+00 1.439E+08 1.493E+33 8.335E+08
  260 1.525E+00 8.904E-01 2.638E-01 8.351E+08 2.103E+22 4.370E+05 1.572E+00 1.440E+08 1.505E+33 8.367E+08
  261 1.531E+00 8.897E-01 2.660E-01 8.383E+08 2.083E+22 4.343E+05 1.572E+00 1.441E+08 1.517E+33 8.399E+08
  262 1.537E+00 8.891E-01 2.681E-01 8.415E+08 2.063E+22 4.316E+05 1.572E+00 1.441E+08 1.530E+33 8.431E+08
  263 1.543E+00 8.884E-01 2.703E-01 8.447E+08 2.043E+22 4.290E+05 1.572E+00 1.442E+08 1.542E+33 8.463E+08
  264 1.549E+00 8.877E-01 2.725E-01 8.479E+08 2.023E+22 4.263E+05 1.573E+00 1.443E+08 1.554E+33 8.495E+08
  265 1.555E+00 8.871E-01 2.747E-01 8.511E+08 2.003E+22 4.237E+05 1.573E+00 1.443E+08 1.567E+33 8.527E+08
  266 1.560E+00 8.864E-01 2.769E-01 8.543E+08 1.984E+22 4.210E+05 1.573E+00 1.444E+08 1.579E+33 8.559E+08
  267 1.566E+00 8.857E-01 2.791E-01 8.575E+08 1.964E+22 4.184E+05 1.574E+00 1.444E+08 1.592E+33 8.591E+08
  268 1.572E+00 8.850E-01 2.813E-01 8.608E+08 1.945E+22 4.158E+05 1.574E+00 1.445E+08 1.604E+33 8.624E+08
  269 1.578E+00 8.844E-01 2.835E-01 8.640E+08 1.926E+22 4.132E+05 1.574E+00 1.445E+08 1.617E+33 8.656E+08
  270 1.584E+00 8.837E-01 2.857E-01 8.672E+08 1.906E+22 4.106E+05 1.574E+00 1.446E+08 1.629E+33 8.688E+08
  271 1.590E+00 8.830E-01 2.879E-01 8.704E+08 1.887E+22 4.079E+05 1.575E+00 1.446E+08 1.642E+33 8.720E+08
  272 1.596E+00 8.824E-01 2.901E-01 8.736E+08 1.868E+22 4.054E+05 1.575E+00 1.446E+08 1.654E+33 8.752E+08
  273 1.602E+00 8.817E-01 2.923E-01 8.768E+08 1.850E+22 4.028E+05 1.575E+00 1.447E+08 1.667E+33 8.784E+08
  274 1.608E+00 8.810E-01 2.946E-01 8.800E+08 1.831E+22 4.002E+05 1.575E+00 1.447E+08 1.679E+33 8.816E+08
  275 1.613E+00 8.803E-01 2.968E-01 8.832E+08 1.813E+22 3.976E+05 1.576E+00 1.447E+08 1.692E+33 8.848E+08
  276 1.619E+00 8.797E-01 2.990E-01 8.864E+08 1.794E+22 3.950E+05 1.576E+00 1.447E+08 1.704E+33 8.881E+08
  277 1.625E+00 8.790E-01 3.012E-01 8.897E+08 1.776E+22 3.925E+05 1.576E+00 1.447E+08 1.717E+33 8.913E+08
  278 1.631E+00 8.783E-01 3.034E-01 8.929E+08 1.758E+22 3.899E+05 1.577E+00 1.448E+08 1.730E+33 8.945E+08
  279 1.637E+00 8.777E-01 3.057E-01 8.961E+08 1.740E+22 3.874E+05 1.577E+00 1.448E+08 1.742E+33 8.977E+08
  280 1.643E+00 8.770E-01 3.079E-01 8.993E+08 1.722E+22 3.848E+05 1.577E+00 1.448E+08 1.755E+33 9.009E+08
  281 1.649E+00 8.763E-01 3.101E-01 9.025E+08 1.704E+22 3.823E+05 1.577E+00 1.448E+08 1.767E+33 9.041E+08
  282 1.655E+00 8.756E-01 3.123E-01 9.057E+08 1.686E+22 3.798E+05 1.578E+00 1.448E+08 1.780E+33 9.073E+08
  283 1.660E+00 8.750E-01 3.146E-01 9.089E+08 1.668E+22 3.772E+05 1.578E+00 1.448E+08 1.793E+33 9.105E+08
  284 1.666E+00 8.743E-01 3.168E-01 9.121E+08 1.651E+22 3.747E+05 1.578E+00 1.448E+08 1.805E+33 9.137E+08
  285 1.672E+00 8.736E-01 3.190E-01 9.154E+08 1.634E+22 3.722E+05 1.579E+00 1.448E+08 1.818E+33 9.170E+08
  286 1.678E+00 8.730E-01 3.213E-01 9.186E+08 1.616E+22 3.697E+05 1.579E+00 1.448E+08 1.830E+33 9.202E+08
  287 1.684E+00 8.723E-01 3.235E-01 9.218E+08 1.599E+22 3.673E+05 1.579E+00 1.447E+08 1.843E+33 9.234E+08
  288 1.690E+00 8.716E-01 3.257E-01 9.250E+08 1.582E+22 3.648E+05 1.579E+00 1.447E+08 1.856E+33 9.266E+08
  289 1.696E+00 8.709E-01 3.280E-01 9.282E+08 1.565E+22 3.623E+05 1.580E+00 1.447E+08 1.868E+33 9.298E+08
  290 1.702E+00 8.703E-01 3.302E-01 9.314E+08 1.548E+22 3.598E+05 1.580E+00 1.447E+08 1.881E+33 9.330E+08
  291 1.708E+00 8.696E-01 3.324E-01 9.346E+08 1.532E+22 3.574E+05 1.580E+00 1.447E+08 1.894E+33 9.362E+08
  292 1.713E+00 8.689E-01 3.347E-01 9.378E+08 1.515E+22 3.549E+05 1.580E+00 1.446E+08 1.906E+33 9.394E+08
  293 1.719E+00 8.683E-01 3.369E-01 9.410E+08 1.499E+22 3.525E+05 1.581E+00 1.446E+08 1.919E+33 9.427E+08
  294 1.725E+00 8.676E-01 3.391E-01 9.443E+08 1.483E+22 3.501E+05 1.581E+00 1.446E+08 1.932E+33 9.459E+08
  295 1.731E+00 8.669E-01 3.414E-01 9.475E+08 1.466E+22 3.476E+05 1.581E+00 1.445E+08 1.944E+33 9.491E+08
  296 1.737E+00 8.662E-01 3.436E-01 9.507E+08 1.450E+22 3.452E+05 1.582E+00 1.445E+08 1.957E+33 9.523E+08
  297 1.743E+00 8.656E-01 3.458E-01 9.539E+08 1.434E+22 3.428E+05 1.582E+00 1.444E+08 1.969E+33 9.555E+08
  298 1.749E+00 8.649E-01 3.481E-01 9.571E+08 1.418E+22 3.404E+05 1.582E+00 1.444E+08 1.982E+33 9.587E+08
  299 1.755E+00 8.642E-01 3.503E-01 9.603E+08 1.403E+22 3.380E+05 1.582E+00 1.443E+08 1.995E+33 9.619E+08
  300 1.761E+00 8.636E-01 3.525E-01 9.635E+08 1.387E+22 3.357E+05 1.583E+00 1.443E+08 2.007E+33 9.651E+08
  301 1.766E+00 8.629E-01 3.548E-01 9.667E+08 1.372E+22 3.333E+05 1.583E+00 1.442E+08 2.020E+33 9.683E+08
  302 1.772E+00 8.622E-01 3.570E-01 9.700E+08 1.356E+22 3.309E+05 1.583E+00 1.442E+08 2.033E+33 9.716E+08
  303 1.778E+00 8.616E-01 3.592E-01 9.732E+08 1.341E+22 3.286E+05 1.584E+00 1.441E+08 2.045E+33 9.748E+08
  304 1.784E+00 8.609E-01 3.614E-01 9.764E+08 1.326E+22 3.262E+05 1.584E+00 1.440E+08 2.058E+33 9.780E+08
  305 1.790E+00 8.602E-01 3.637E-01 9.796E+08 1.311E+22 3.239E+05 1.584E+00 1.440E+08 2.070E+33 9.812E+08
  306 1.796E+00 8.596E-01 3.659E-01 9.828E+08 1.296E+22 3.215E+05 1.585E+00 1.439E+08 2.083E+33 9.844E+08
  307 1.802E+00 8.589E-01 3.681E-01 9.860E+08 1.281E+22 3.192E+05 1.585E+00 1.438E+08 2.096E+33 9.876E+08
  308 1.808E+00 8.582E-01 3.703E-01 9.892E+08 1.266E+22 3.169E+05 1.585E+00 1.437E+08 2.108E+33 9.908E+08
  309 1.814E+00 8.576E-01 3.726E-01 9.924E+08 1.252E+22 3.146E+05 1.585E+00 1.437E+08 2.121E+33 9.940E+08
  310 1.819E+00 8.569E-01 3.748E-01 9.956E+08 1.237E+22 3.123E+05 1.586E+00 1.436E+08 2.133E+33 9.973E+08
  311 1.825E+00 8.562E-01 3.770E-01 9.989E+08 1.223E+22 3.100E+05 1.586E+00 1.435E+08 2.146E+33 1.000E+09
  312 1.831E+00 8.556E-01 3.792E-01 1.002E+09 1.209E+22 3.077E+05 1.586E+00 1.434E+08 2.158E+33 1.004E+09
  313 1.837E+00 8.549E-01 3.814E-01 1.005E+09 1.195E+22 3.055E+05 1.587E+00 1.433E+08 2.171E+33 1.007E+09
  314 1.843E+00 8.542E-01 3.836E-01 1.008E+09 1.181E+22 3.032E+05 1.587E+00 1.432E+08 2.183E+33 1.010E+09
  315 1.849E+00 8.536E-01 3.858E-01 1.012E+09 1.167E+22 3.010E+05 1.587E+00 1.431E+08 2.196E+33 1.013E+09
  316 1.855E+00 8.529E-01 3.880E-01 1.015E+09 1.153E+22 2.987E+05 1.587E+00 1.430E+08 2.208E+33 1.017E+09
  317 1.861E+00 8.522E-01 3.903E-01 1.018E+09 1.139E+22 2.965E+05 1.588E+00 1.430E+08 2.221E+33 1.020E+09
  318 1.867E+00 8.516E-01 3.925E-01 1.021E+09 1.126E+22 2.942E+05 1.588E+00 1.428E+08 2.233E+33 1.023E+09
  319 1.872E+00 8.509E-01 3.947E-01 1.025E+09 1.112E+22 2.920E+05 1.588E+00 1.427E+08 2.246E+33 1.026E+09
  320 1.878E+00 8.502E-01 3.969E-01 1.028E+09 1.099E+22 2.898E+05 1.589E+00 1.426E+08 2.258E+33 1.029E+09
  321 1.884E+00 8.496E-01 3.990E-01 1.031E+09 1.086E+22 2.876E+05 1.589E+00 1.425E+08 2.270E+33 1.033E+09
  322 1.890E+00 8.489E-01 4.012E-01 1.034E+09 1.073E+22 2.854E+05 1.589E+00 1.424E+08 2.283E+33 1.036E+09
  323 1.896E+00 8.483E-01 4.034E-01 1.037E+09 1.060E+22 2.833E+05 1.589E+00 1.423E+08 2.295E+33 1.039E+09
  324 1.902E+00 8.476E-01 4.056E-01 1.041E+09 1.047E+22 2.811E+05 1.590E+00 1.422E+08 2.307E+33 1.042E+09
  325 1.908E+00 8.469E-01 4.078E-01 1.044E+09 1.034E+22 2.789E+05 1.590E+00 1.421E+08 2.320E+33 1.045E+09
  326 1.914E+00 8.463E-01 4.100E-01 1.047E+09 1.021E+22 2.768E+05 1.590E+00 1.419E+08 2.332E+33 1.049E+09
  327 1.920E+00 8.456E-01 4.121E-01 1.050E+09 1.009E+22 2.746E+05 1.591E+00 1.418E+08 2.344E+33 1.052E+09
  328 1.925E+00 8.450E-01 4.143E-01 1.053E+09 9.964E+21 2.725E+05 1.591E+00 1.417E+08 2.357E+33 1.055E+09
  329 1.931E+00 8.443E-01 4.165E-01 1.057E+09 9.840E+21 2.704E+05 1.591E+00 1.416E+08 2.369E+33 1.058E+09
  330 1.937E+00 8.436E-01 4.186E-01 1.060E+09 9.718E+21 2.682E+05 1.592E+00 1.414E+08 2.381E+33 1.061E+09
  331 1.943E+00 8.430E-01 4.208E-01 1.063E+09 9.597E+21 2.661E+05 1.592E+00 1.413E+08 2.393E+33 1.065E+09
  332 1.949E+00 8.423E-01 4.230E-01 1.066E+09 9.477E+21 2.640E+05 1.592E+00 1.412E+08 2.405E+33 1.068E+09
  333 1.955E+00 8.417E-01 4.251E-01 1.070E+09 9.357E+21 2.619E+05 1.592E+00 1.410E+08 2.418E+33 1.071E+09
  334 1.961E+00 8.410E-01 4.273E-01 1.073E+09 9.239E+21 2.599E+05 1.593E+00 1.409E+08 2.430E+33 1.074E+09
  335 1.967E+00 8.404E-01 4.294E-01 1.076E+09 9.122E+21 2.578E+05 1.593E+00 1.407E+08 2.442E+33 1.078E+09
  336 1.973E+00 8.397E-01 4.315E-01 1.079E+09 9.006E+21 2.557E+05 1.593E+00 1.406E+08 2.454E+33 1.081E+09
  337 1.978E+00 8.391E-01 4.337E-01 1.082E+09 8.892E+21 2.537E+05 1.594E+00 1.405E+08 2.466E+33 1.084E+09
  338 1.984E+00 8.384E-01 4.358E-01 1.086E+09 8.778E+21 2.516E+05 1.594E+00 1.403E+08 2.478E+33 1.087E+09
  339 1.990E+00 8.378E-01 4.379E-01 1.089E+09 8.665E+21 2.496E+05 1.594E+00 1.402E+08 2.490E+33 1.090E+09
  340 1.996E+00 8.371E-01 4.401E-01 1.092E+09 8.553E+21 2.476E+05 1.595E+00 1.400E+08 2.502E+33 1.094E+09
  341 2.002E+00 8.365E-01 4.422E-01 1.095E+09 8.442E+21 2.456E+05 1.595E+00 1.398E+08 2.514E+33 1.097E+09
  342 2.008E+00 8.358E-01 4.443E-01 1.098E+09 8.333E+21 2.436E+05 1.595E+00 1.397E+08 2.526E+33 1.100E+09
  343 2.014E+00 8.352E-01 4.464E-01 1.102E+09 8.224E+21 2.416E+05 1.595E+00 1.395E+08 2.538E+33 1.103E+09
  344 2.020E+00 8.345E-01 4.485E-01 1.105E+09 8.116E+21 2.396E+05 1.596E+00 1.394E+08 2.550E+33 1.106E+09
  345 2.026E+00 8.339E-01 4.506E-01 1.108E+09 8.009E+21 2.376E+05 1.596E+00 1.392E+08 2.561E+33 1.110E+09
  346 2.031E+00 8.332E-01 4.527E-01 1.111E+09 7.904E+21 2.356E+05 1.596E+00 1.390E+08 2.573E+33 1.113E+09
  347 2.037E+00 8.326E-01 4.548E-01 1.114E+09 7.799E+21 2.337E+05 1.597E+00 1.389E+08 2.585E+33 1.116E+09
  348 2.043E+00 8.319E-01 4.568E-01 1.118E+09 7.695E+21 2.317E+05 1.597E+00 1.387E+08 2.597E+33 1.119E+09
  349 2.049E+00 8.313E-01 4.589E-01 1.121E+09 7.593E+21 2.298E+05 1.597E+00 1.385E+08 2.609E+33 1.123E+09
  350 2.055E+00 8.307E-01 4.610E-01 1.124E+09 7.491E+21 2.278E+05 1.598E+00 1.384E+08 2.620E+33 1.126E+09
  351 2.061E+00 8.300E-01 4.631E-01 1.127E+09 7.390E+21 2.259E+05 1.598E+00 1.382E+08 2.632E+33 1.129E+09
  352 2.067E+00 8.294E-01 4.651E-01 1.131E+09 7.291E+21 2.240E+05 1.598E+00 1.380E+08 2.643E+33 1.132E+09
  353 2.073E+00 8.287E-01 4.672E-01 1.134E+09 7.192E+21 2.221E+05 1.598E+00 1.378E+08 2.655E+33 1.135E+09
  354 2.079E+00 8.281E-01 4.692E-01 1.137E+09 7.094E+21 2.202E+05 1.599E+00 1.376E+08 2.667E+33 1.139E+09
  355 2.084E+00 8.275E-01 4.713E-01 1.140E+09 6.997E+21 2.183E+05 1.599E+00 1.375E+08 2.678E+33 1.142E+09
  356 2.090E+00 8.268E-01 4.733E-01 1.143E+09 6.901E+21 2.165E+05 1.599E+00 1.373E+08 2.690E+33 1.145E+09
  357 2.096E+00 8.262E-01 4.753E-01 1.147E+09 6.807E+21 2.146E+05 1.600E+00 1.371E+08 2.701E+33 1.148E+09
  358 2.102E+00 8.255E-01 4.774E-01 1.150E+09 6.713E+21 2.127E+05 1.600E+00 1.369E+08 2.713E+33 1.151E+09
  359 2.108E+00 8.249E-01 4.794E-01 1.153E+09 6.620E+21 2.109E+05 1.600E+00 1.367E+08 2.724E+33 1.155E+09
  360 2.114E+00 8.243E-01 4.814E-01 1.156E+09 6.527E+21 2.090E+05 1.601E+00 1.365E+08 2.735E+33 1.158E+09
  361 2.120E+00 8.236E-01 4.834E-01 1.159E+09 6.436E+21 2.072E+05 1.601E+00 1.363E+08 2.747E+33 1.161E+09
  362 2.126E+00 8.230E-01 4.854E-01 1.163E+09 6.346E+21 2.054E+05 1.601E+00 1.361E+08 2.758E+33 1.164E+09
  363 2.132E+00 8.224E-01 4.874E-01 1.166E+09 6.257E+21 2.036E+05 1.601E+00 1.359E+08 2.769E+33 1.167E+09
  364 2.137E+00 8.217E-01 4.894E-01 1.169E+09 6.168E+21 2.018E+05 1.602E+00 1.357E+08 2.780E+33 1.171E+09
  365 2.143E+00 8.211E-01 4.913E-01 1.172E+09 6.081E+21 2.000E+05 1.602E+00 1.355E+08 2.791E+33 1.174E+09
  366 2.149E+00 8.205E-01 4.933E-01 1.176E+09 5.994E+21 1.982E+05 1.602E+00 1.353E+08 2.803E+33 1.177E+09
  367 2.155E+00 8.199E-01 4.953E-01 1.179E+09 5.909E+21 1.964E+05 1.603E+00 1.351E+08 2.814E+33 1.180E+09
  368 2.161E+00 8.192E-01 4.972E-01 1.182E+09 5.824E+21 1.947E+05 1.603E+00 1.349E+08 2.825E+33 1.184E+09
  369 2.167E+00 8.186E-01 4.992E-01 1.185E+09 5.740E+21 1.929E+05 1.603E+00 1.347E+08 2.836E+33 1.187E+09
  370 2.173E+00 8.180E-01 5.011E-01 1.188E+09 5.657E+21 1.912E+05 1.604E+00 1.345E+08 2.847E+33 1.190E+09
  371 2.179E+00 8.174E-01 5.031E-01 1.192E+09 5.575E+21 1.894E+05 1.604E+00 1.343E+08 2.858E+33 1.193E+09
  372 2.185E+00 8.167E-01 5.050E-01 1.195E+09 5.494E+21 1.877E+05 1.604E+00 1.341E+08 2.868E+33 1.196E+09
  373 2.190E+00 8.161E-01 5.069E-01 1.198E+09 5.414E+21 1.860E+05 1.604E+00 1.339E+08 2.879E+33 1.200E+09
  374 2.196E+00 8.155E-01 5.088E-01 1.201E+09 5.334E+21 1.843E+05 1.605E+00 1.337E+08 2.890E+33 1.203E+09
  375 2.202E+00 8.149E-01 5.108E-01 1.204E+09 5.255E+21 1.826E+05 1.605E+00 1.334E+08 2.901E+33 1.206E+09
  376 2.208E+00 8.142E-01 5.127E-01 1.208E+09 5.178E+21 1.809E+05 1.605E+00 1.332E+08 2.912E+33 1.209E+09
  377 2.214E+00 8.136E-01 5.146E-01 1.211E+09 5.101E+21 1.792E+05 1.606E+00 1.330E+08 2.922E+33 1.212E+09
  378 2.220E+00 8.130E-01 5.164E-01 1.214E+09 5.025E+21 1.776E+05 1.606E+00 1.328E+08 2.933E+33 1.216E+09
  379 2.226E+00 8.124E-01 5.183E-01 1.217E+09 4.949E+21 1.759E+05 1.606E+00 1.326E+08 2.944E+33 1.219E+09
  380 2.232E+00 8.118E-01 5.202E-01 1.220E+09 4.875E+21 1.743E+05 1.607E+00 1.323E+08 2.954E+33 1.222E+09
  381 2.238E+00 8.112E-01 5.221E-01 1.224E+09 4.801E+21 1.726E+05 1.607E+00 1.321E+08 2.965E+33 1.225E+09
  382 2.243E+00 8.106E-01 5.239E-01 1.227E+09 4.729E+21 1.710E+05 1.607E+00 1.319E+08 2.975E+33 1.228E+09
  383 2.249E+00 8.099E-01 5.258E-01 1.230E+09 4.657E+21 1.694E+05 1.608E+00 1.316E+08 2.985E+33 1.232E+09
  384 2.255E+00 8.093E-01 5.276E-01 1.233E+09 4.586E+21 1.677E+05 1.608E+00 1.314E+08 2.996E+33 1.235E+09
  385 2.261E+00 8.087E-01 5.294E-01 1.237E+09 4.515E+21 1.661E+05 1.608E+00 1.312E+08 3.006E+33 1.238E+09
  386 2.267E+00 8.081E-01 5.313E-01 1.240E+09 4.446E+21 1.645E+05 1.608E+00 1.310E+08 3.016E+33 1.241E+09
  387 2.273E+00 8.075E-01 5.331E-01 1.243E+09 4.377E+21 1.630E+05 1.609E+00 1.307E+08 3.027E+33 1.245E+09
  388 2.279E+00 8.069E-01 5.349E-01 1.246E+09 4.309E+21 1.614E+05 1.609E+00 1.305E+08 3.037E+33 1.248E+09
  389 2.285E+00 8.063E-01 5.367E-01 1.249E+09 4.242E+21 1.598E+05 1.609E+00 1.302E+08 3.047E+33 1.251E+09
  390 2.291E+00 8.057E-01 5.385E-01 1.253E+09 4.175E+21 1.583E+05 1.610E+00 1.300E+08 3.057E+33 1.254E+09
  391 2.296E+00 8.051E-01 5.403E-01 1.256E+09 4.110E+21 1.567E+05 1.610E+00 1.298E+08 3.067E+33 1.257E+09
  392 2.302E+00 8.045E-01 5.420E-01 1.259E+09 4.045E+21 1.552E+05 1.610E+00 1.295E+08 3.077E+33 1.261E+09
  393 2.308E+00 8.039E-01 5.438E-01 1.262E+09 3.981E+21 1.536E+05 1.611E+00 1.293E+08 3.087E+33 1.264E+09
  394 2.314E+00 8.033E-01 5.456E-01 1.265E+09 3.917E+21 1.521E+05 1.611E+00 1.290E+08 3.097E+33 1.267E+09
  395 2.320E+00 8.027E-01 5.473E-01 1.269E+09 3.855E+21 1.506E+05 1.611E+00 1.288E+08 3.107E+33 1.270E+09
  396 2.326E+00 8.021E-01 5.490E-01 1.272E+09 3.793E+21 1.491E+05 1.611E+00 1.286E+08 3.117E+33 1.273E+09
  397 2.332E+00 8.015E-01 5.508E-01 1.275E+09 3.732E+21 1.476E+05 1.612E+00 1.283E+08 3.126E+33 1.277E+09
  398 2.338E+00 8.009E-01 5.525E-01 1.278E+09 3.671E+21 1.461E+05 1.612E+00 1.281E+08 3.136E+33 1.280E+09
  399 2.344E+00 8.003E-01 5.542E-01 1.281E+09 3.612E+21 1.446E+05 1.612E+00 1.278E+08 3.146E+33 1.283E+09
  400 2.349E+00 7.997E-01 5.559E-01 1.285E+09 3.553E+21 1.432E+05 1.613E+00 1.276E+08 3.155E+33 1.286E+09
  401 2.355E+00 7.991E-01 5.576E-01 1.288E+09 3.494E+21 1.417E+05 1.613E+00 1.273E+08 3.165E+33 1.290E+09
  402 2.361E+00 7.985E-01 5.593E-01 1.291E+09 3.437E+21 1.402E+05 1.613E+00 1.271E+08 3.174E+33 1.293E+09
  403 2.367E+00 7.979E-01 5.610E-01 1.294E+09 3.380E+21 1.388E+05 1.614E+00 1.268E+08 3.184E+33 1.296E+09
  404 2.373E+00 7.973E-01 5.627E-01 1.298E+09 3.324E+21 1.374E+05 1.614E+00 1.266E+08 3.193E+33 1.299E+09
  405 2.379E+00 7.968E-01 5.643E-01 1.301E+09 3.268E+21 1.359E+05 1.614E+00 1.263E+08 3.203E+33 1.302E+09
  406 2.385E+00 7.962E-01 5.660E-01 1.304E+09 3.214E+21 1.345E+05 1.614E+00 1.260E+08 3.212E+33 1.306E+09
  407 2.391E+00 7.956E-01 5.676E-01 1.307E+09 3.160E+21 1.331E+05 1.615E+00 1.258E+08 3.221E+33 1.309E+09
  408 2.397E+00 7.950E-01 5.693E-01 1.310E+09 3.106E+21 1.317E+05 1.615E+00 1.255E+08 3.230E+33 1.312E+09
  409 2.402E+00 7.944E-01 5.709E-01 1.314E+09 3.053E+21 1.303E+05 1.615E+00 1.253E+08 3.240E+33 1.315E+09
  410 2.408E+00 7.938E-01 5.725E-01 1.317E+09 3.001E+21 1.290E+05 1.616E+00 1.250E+08 3.249E+33 1.318E+09
  411 2.414E+00 7.933E-01 5.741E-01 1.320E+09 2.950E+21 1.276E+05 1.616E+00 1.247E+08 3.258E+33 1.322E+09
  412 2.420E+00 7.927E-01 5.757E-01 1.323E+09 2.899E+21 1.262E+05 1.616E+00 1.245E+08 3.267E+33 1.325E+09
  413 2.426E+00 7.921E-01 5.773E-01 1.326E+09 2.849E+21 1.249E+05 1.617E+00 1.242E+08 3.276E+33 1.328E+09
  414 2.432E+00 7.915E-01 5.789E-01 1.330E+09 2.800E+21 1.235E+05 1.617E+00 1.240E+08 3.285E+33 1.331E+09
  415 2.438E+00 7.910E-01 5.805E-01 1.333E+09 2.751E+21 1.222E+05 1.617E+00 1.237E+08 3.293E+33 1.334E+09
  416 2.444E+00 7.904E-01 5.820E-01 1.336E+09 2.703E+21 1.209E+05 1.617E+00 1.234E+08 3.302E+33 1.338E+09
  417 2.450E+00 7.898E-01 5.836E-01 1.339E+09 2.655E+21 1.195E+05 1.618E+00 1.232E+08 3.311E+33 1.341E+09
  418 2.455E+00 7.892E-01 5.851E-01 1.343E+09 2.608E+21 1.182E+05 1.618E+00 1.229E+08 3.320E+33 1.344E+09
  419 2.461E+00 7.887E-01 5.866E-01 1.346E+09 2.562E+21 1.169E+05 1.618E+00 1.226E+08 3.328E+33 1.347E+09
  420 2.467E+00 7.881E-01 5.882E-01 1.349E+09 2.516E+21 1.156E+05 1.619E+00 1.224E+08 3.337E+33 1.351E+09
  421 2.473E+00 7.875E-01 5.897E-01 1.352E+09 2.471E+21 1.144E+05 1.619E+00 1.221E+08 3.345E+33 1.354E+09
  422 2.479E+00 7.870E-01 5.912E-01 1.355E+09 2.427E+21 1.131E+05 1.619E+00 1.218E+08 3.354E+33 1.357E+09
  423 2.485E+00 7.864E-01 5.927E-01 1.359E+09 2.383E+21 1.118E+05 1.620E+00 1.215E+08 3.362E+33 1.360E+09
  424 2.491E+00 7.858E-01 5.942E-01 1.362E+09 2.339E+21 1.106E+05 1.620E+00 1.213E+08 3.370E+33 1.363E+09
  425 2.497E+00 7.853E-01 5.956E-01 1.365E+09 2.297E+21 1.093E+05 1.620E+00 1.210E+08 3.379E+33 1.367E+09
  426 2.503E+00 7.847E-01 5.971E-01 1.368E+09 2.255E+21 1.081E+05 1.620E+00 1.207E+08 3.387E+33 1.370E+09
  427 2.508E+00 7.841E-01 5.986E-01 1.371E+09 2.213E+21 1.068E+05 1.621E+00 1.205E+08 3.395E+33 1.373E+09
  428 2.514E+00 7.836E-01 6.000E-01 1.375E+09 2.172E+21 1.056E+05 1.621E+00 1.202E+08 3.403E+33 1.376E+09
  429 2.520E+00 7.830E-01 6.014E-01 1.378E+09 2.132E+21 1.044E+05 1.621E+00 1.199E+08 3.411E+33 1.379E+09
  430 2.526E+00 7.825E-01 6.029E-01 1.381E+09 2.092E+21 1.032E+05 1.622E+00 1.196E+08 3.419E+33 1.383E+09
  431 2.532E+00 7.819E-01 6.043E-01 1.384E+09 2.052E+21 1.020E+05 1.622E+00 1.193E+08 3.427E+33 1.386E+09
  432 2.538E+00 7.814E-01 6.057E-01 1.387E+09 2.014E+21 1.008E+05 1.622E+00 1.191E+08 3.435E+33 1.389E+09
  433 2.544E+00 7.808E-01 6.071E-01 1.391E+09 1.975E+21 9.960E+04 1.623E+00 1.188E+08 3.443E+33 1.392E+09
  434 2.550E+00 7.803E-01 6.085E-01 1.394E+09 1.938E+21 9.842E+04 1.623E+00 1.185E+08 3.451E+33 1.396E+09
  435 2.556E+00 7.797E-01 6.099E-01 1.397E+09 1.901E+21 9.725E+04 1.623E+00 1.182E+08 3.459E+33 1.399E+09
  436 2.561E+00 7.792E-01 6.112E-01 1.400E+09 1.864E+21 9.610E+04 1.623E+00 1.180E+08 3.466E+33 1.402E+09
  437 2.567E+00 7.786E-01 6.126E-01 1.404E+09 1.828E+21 9.494E+04 1.624E+00 1.177E+08 3.474E+33 1.405E+09
  438 2.573E+00 7.781E-01 6.139E-01 1.407E+09 1.792E+21 9.380E+04 1.624E+00 1.174E+08 3.482E+33 1.408E+09
  439 2.579E+00 7.775E-01 6.153E-01 1.410E+09 1.757E+21 9.267E+04 1.624E+00 1.171E+08 3.489E+33 1.412E+09
  440 2.585E+00 7.770E-01 6.166E-01 1.413E+09 1.723E+21 9.154E+04 1.625E+00 1.168E+08 3.496E+33 1.415E+09
  441 2.591E+00 7.764E-01 6.179E-01 1.416E+09 1.689E+21 9.042E+04 1.625E+00 1.165E+08 3.504E+33 1.418E+09
  442 2.597E+00 7.759E-01 6.192E-01 1.420E+09 1.655E+21 8.931E+04 1.625E+00 1.163E+08 3.511E+33 1.421E+09
  443 2.603E+00 7.754E-01 6.205E-01 1.423E+09 1.622E+21 8.821E+04 1.626E+00 1.160E+08 3.518E+33 1.424E+09
  444 2.609E+00 7.748E-01 6.218E-01 1.426E+09 1.589E+21 8.712E+04 1.626E+00 1.157E+08 3.526E+33 1.428E+09
  445 2.614E+00 7.743E-01 6.231E-01 1.429E+09 1.557E+21 8.603E+04 1.626E+00 1.154E+08 3.533E+33 1.431E+09
  446 2.620E+00 7.738E-01 6.243E-01 1.432E+09 1.526E+21 8.495E+04 1.626E+00 1.151E+08 3.540E+33 1.434E+09
  447 2.626E+00 7.732E-01 6.256E-01 1.436E+09 1.494E+21 8.388E+04 1.627E+00 1.148E+08 3.547E+33 1.437E+09
  448 2.632E+00 7.727E-01 6.268E-01 1.439E+09 1.464E+21 8.282E+04 1.627E+00 1.145E+08 3.554E+33 1.440E+09
  449 2.638E+00 7.722E-01 6.281E-01 1.442E+09 1.434E+21 8.177E+04 1.627E+00 1.143E+08 3.561E+33 1.444E+09
  450 2.644E+00 7.716E-01 6.293E-01 1.445E+09 1.404E+21 8.072E+04 1.628E+00 1.140E+08 3.568E+33 1.447E+09
  451 2.650E+00 7.711E-01 6.305E-01 1.449E+09 1.375E+21 7.968E+04 1.628E+00 1.137E+08 3.575E+33 1.450E+09
  452 2.656E+00 7.706E-01 6.317E-01 1.452E+09 1.346E+21 7.865E+04 1.628E+00 1.134E+08 3.581E+33 1.453E+09
  453 2.662E+00 7.700E-01 6.329E-01 1.455E+09 1.317E+21 7.763E+04 1.628E+00 1.131E+08 3.588E+33 1.457E+09
  454 2.667E+00 7.695E-01 6.341E-01 1.458E+09 1.289E+21 7.661E+04 1.629E+00 1.128E+08 3.595E+33 1.460E+09
  455 2.673E+00 7.690E-01 6.353E-01 1.461E+09 1.262E+21 7.560E+04 1.629E+00 1.125E+08 3.601E+33 1.463E+09
  456 2.679E+00 7.685E-01 6.365E-01 1.465E+09 1.235E+21 7.460E+04 1.629E+00 1.122E+08 3.608E+33 1.466E+09
  457 2.685E+00 7.679E-01 6.376E-01 1.468E+09 1.208E+21 7.361E+04 1.630E+00 1.119E+08 3.614E+33 1.469E+09
  458 2.691E+00 7.674E-01 6.387E-01 1.471E+09 1.182E+21 7.263E+04 1.630E+00 1.117E+08 3.621E+33 1.473E+09
  459 2.697E+00 7.669E-01 6.399E-01 1.474E+09 1.156E+21 7.165E+04 1.630E+00 1.114E+08 3.627E+33 1.476E+09
  460 2.703E+00 7.664E-01 6.410E-01 1.477E+09 1.131E+21 7.068E+04 1.630E+00 1.111E+08 3.633E+33 1.479E+09
  461 2.709E+00 7.659E-01 6.421E-01 1.481E+09 1.106E+21 6.972E+04 1.631E+00 1.108E+08 3.640E+33 1.482E+09
  462 2.714E+00 7.654E-01 6.432E-01 1.484E+09 1.081E+21 6.877E+04 1.631E+00 1.105E+08 3.646E+33 1.485E+09
  463 2.720E+00 7.649E-01 6.443E-01 1.487E+09 1.057E+21 6.782E+04 1.631E+00 1.102E+08 3.652E+33 1.489E+09
  464 2.726E+00 7.643E-01 6.454E-01 1.490E+09 1.033E+21 6.688E+04 1.632E+00 1.099E+08 3.658E+33 1.492E+09
  465 2.732E+00 7.638E-01 6.465E-01 1.493E+09 1.010E+21 6.595E+04 1.632E+00 1.096E+08 3.664E+33 1.495E+09
  466 2.738E+00 7.633E-01 6.475E-01 1.497E+09 9.869E+20 6.502E+04 1.632E+00 1.093E+08 3.670E+33 1.498E+09
  467 2.744E+00 7.628E-01 6.486E-01 1.500E+09 9.643E+20 6.411E+04 1.632E+00 1.090E+08 3.676E+33 1.501E+09
  468 2.750E+00 7.623E-01 6.496E-01 1.503E+09 9.420E+20 6.320E+04 1.633E+00 1.087E+08 3.682E+33 1.505E+09
  469 2.756E+00 7.618E-01 6.507E-01 1.506E+09 9.202E+20 6.230E+04 1.633E+00 1.084E+08 3.688E+33 1.508E+09
  470 2.762E+00 7.613E-01 6.517E-01 1.510E+09 8.987E+20 6.140E+04 1.633E+00 1.081E+08 3.693E+33 1.511E+09
  471 2.767E+00 7.608E-01 6.527E-01 1.513E+09 8.776E+20 6.051E+04 1.634E+00 1.079E+08 3.699E+33 1.514E+09
  472 2.773E+00 7.603E-01 6.537E-01 1.516E+09 8.568E+20 5.963E+04 1.634E+00 1.076E+08 3.704E+33 1.518E+09
  473 2.779E+00 7.598E-01 6.547E-01 1.519E+09 8.364E+20 5.876E+04 1.634E+00 1.073E+08 3.710E+33 1.521E+09
  474 2.785E+00 7.593E-01 6.557E-01 1.522E+09 8.164E+20 5.790E+04 1.634E+00 1.070E+08 3.716E+33 1.524E+09
  475 2.791E+00 7.588E-01 6.566E-01 1.526E+09 7.967E+20 5.704E+04 1.635E+00 1.067E+08 3.721E+33 1.527E+09
  476 2.797E+00 7.583E-01 6.576E-01 1.529E+09 7.774E+20 5.619E+04 1.635E+00 1.064E+08 3.726E+33 1.530E+09
  477 2.803E+00 7.578E-01 6.585E-01 1.532E+09 7.584E+20 5.534E+04 1.635E+00 1.061E+08 3.732E+33 1.534E+09
  478 2.809E+00 7.573E-01 6.595E-01 1.535E+09 7.397E+20 5.450E+04 1.636E+00 1.058E+08 3.737E+33 1.537E+09
  479 2.815E+00 7.568E-01 6.604E-01 1.538E+09 7.214E+20 5.368E+04 1.636E+00 1.055E+08 3.742E+33 1.540E+09
  480 2.820E+00 7.563E-01 6.613E-01 1.542E+09 7.034E+20 5.285E+04 1.636E+00 1.052E+08 3.747E+33 1.543E+09
  481 2.826E+00 7.559E-01 6.622E-01 1.545E+09 6.857E+20 5.204E+04 1.636E+00 1.049E+08 3.752E+33 1.546E+09
  482 2.832E+00 7.554E-01 6.631E-01 1.548E+09 6.683E+20 5.123E+04 1.637E+00 1.046E+08 3.757E+33 1.550E+09
  483 2.838E+00 7.549E-01 6.640E-01 1.551E+09 6.513E+20 5.043E+04 1.637E+00 1.043E+08 3.762E+33 1.553E+09
  484 2.844E+00 7.544E-01 6.649E-01 1.554E+09 6.346E+20 4.963E+04 1.637E+00 1.040E+08 3.767E+33 1.556E+09
  485 2.850E+00 7.539E-01 6.658E-01 1.558E+09 6.182E+20 4.884E+04 1.638E+00 1.037E+08 3.772E+33 1.559E+09
  486 2.856E+00 7.534E-01 6.666E-01 1.561E+09 6.021E+20 4.806E+04 1.638E+00 1.034E+08 3.777E+33 1.563E+09
  487 2.862E+00 7.530E-01 6.675E-01 1.564E+09 5.863E+20 4.729E+04 1.638E+00 1.031E+08 3.782E+33 1.566E+09
  488 2.868E+00 7.525E-01 6.683E-01 1.567E+09 5.708E+20 4.652E+04 1.638E+00 1.028E+08 3.786E+33 1.569E+09
  489 2.873E+00 7.520E-01 6.691E-01 1.571E+09 5.556E+20 4.576E+04 1.639E+00 1.025E+08 3.791E+33 1.572E+09
  490 2.879E+00 7.515E-01 6.699E-01 1.574E+09 5.407E+20 4.501E+04 1.639E+00 1.023E+08 3.795E+33 1.575E+09
  491 2.885E+00 7.511E-01 6.707E-01 1.577E+09 5.261E+20 4.426E+04 1.639E+00 1.020E+08 3.800E+33 1.579E+09
  492 2.891E+00 7.506E-01 6.715E-01 1.580E+09 5.117E+20 4.352E+04 1.640E+00 1.017E+08 3.804E+33 1.582E+09
  493 2.897E+00 7.501E-01 6.723E-01 1.583E+09 4.977E+20 4.279E+04 1.640E+00 1.014E+08 3.809E+33 1.585E+09
  494 2.903E+00 7.496E-01 6.731E-01 1.587E+09 4.839E+20 4.207E+04 1.640E+00 1.011E+08 3.813E+33 1.588E+09
  495 2.909E+00 7.492E-01 6.739E-01 1.590E+09 4.704E+20 4.135E+04 1.640E+00 1.008E+08 3.817E+33 1.591E+09
  496 2.915E+00 7.487E-01 6.746E-01 1.593E+09 4.572E+20 4.063E+04 1.641E+00 1.005E+08 3.822E+33 1.595E+09
  497 2.921E+00 7.482E-01 6.754E-01 1.596E+09 4.442E+20 3.993E+04 1.641E+00 1.002E+08 3.826E+33 1.598E+09
  498 2.926E+00 7.478E-01 6.761E-01 1.599E+09 4.315E+20 3.923E+04 1.641E+00 9.989E+07 3.830E+33 1.601E+09
  499 2.932E+00 7.473E-01 6.768E-01 1.603E+09 4.191E+20 3.853E+04 1.641E+00 9.960E+07 3.834E+33 1.604E+09
  500 2.938E+00 7.468E-01 6.776E-01 1.606E+09 4.069E+20 3.785E+04 1.642E+00 9.931E+07 3.838E+33 1.607E+09
  501 2.944E+00 7.464E-01 6.783E-01 1.609E+09 3.950E+20 3.717E+04 1.642E+00 9.901E+07 3.842E+33 1.611E+09
  502 2.950E+00 7.459E-01 6.790E-01 1.612E+09 3.833E+20 3.650E+04 1.642E+00 9.872E+07 3.846E+33 1.614E+09
  503 2.956E+00 7.455E-01 6.797E-01 1.616E+09 3.719E+20 3.583E+04 1.643E+00 9.842E+07 3.850E+33 1.617E+09
  504 2.962E+00 7.450E-01 6.803E-01 1.619E+09 3.607E+20 3.517E+04 1.643E+00 9.813E+07 3.853E+33 1.620E+09
  505 2.968E+00 7.446E-01 6.810E-01 1.622E+09 3.497E+20 3.452E+04 1.643E+00 9.784E+07 3.857E+33 1.624E+09
  506 2.974E+00 7.441E-01 6.817E-01 1.625E+09 3.390E+20 3.387E+04 1.643E+00 9.754E+07 3.861E+33 1.627E+09
  507 2.979E+00 7.436E-01 6.823E-01 1.628E+09 3.285E+20 3.323E+04 1.644E+00 9.725E+07 3.864E+33 1.630E+09
  508 2.985E+00 7.432E-01 6.829E-01 1.632E+09 3.183E+20 3.259E+04 1.644E+00 9.696E+07 3.868E+33 1.633E+09
  509 2.991E+00 7.427E-01 6.836E-01 1.635E+09 3.083E+20 3.196E+04 1.644E+00 9.666E+07 3.872E+33 1.636E+09
  510 2.997E+00 7.423E-01 6.842E-01 1.638E+09 2.985E+20 3.134E+04 1.644E+00 9.637E+07 3.875E+33 1.640E+09
  511 3.003E+00 7.419E-01 6.848E-01 1.641E+09 2.889E+20 3.073E+04 1.645E+00 9.608E+07 3.878E+33 1.643E+09
  512 3.009E+00 7.414E-01 6.854E-01 1.644E+09 2.795E+20 3.012E+04 1.645E+00 9.578E+07 3.882E+33 1.646E+09
  513 3.015E+00 7.410E-01 6.860E-01 1.648E+09 2.704E+20 2.952E+04 1.645E+00 9.549E+07 3.885E+33 1.649E+09
  514 3.021E+00 7.405E-01 6.866E-01 1.651E+09 2.614E+20 2.892E+04 1.646E+00 9.520E+07 3.888E+33 1.652E+09
  515 3.027E+00 7.401E-01 6.872E-01 1.654E+09 2.527E+20 2.833E+04 1.646E+00 9.491E+07 3.891E+33 1.656E+09
  516 3.032E+00 7.396E-01 6.877E-01 1.657E+09 2.442E+20 2.774E+04 1.646E+00 9.462E+07 3.895E+33 1.659E+09
  517 3.038E+00 7.392E-01 6.883E-01 1.660E+09 2.359E+20 2.717E+04 1.646E+00 9.433E+07 3.898E+33 1.662E+09
  518 3.044E+00 7.388E-01 6.888E-01 1.664E+09 2.278E+20 2.659E+04 1.647E+00 9.404E+07 3.901E+33 1.665E+09
  519 3.050E+00 7.383E-01 6.893E-01 1.667E+09 2.198E+20 2.603E+04 1.647E+00 9.374E+07 3.904E+33 1.669E+09
  520 3.056E+00 7.379E-01 6.899E-01 1.670E+09 2.121E+20 2.547E+04 1.647E+00 9.345E+07 3.907E+33 1.672E+09
  521 3.062E+00 7.375E-01 6.904E-01 1.673E+09 2.046E+20 2.492E+04 1.647E+00 9.316E+07 3.909E+33 1.675E+09
  522 3.068E+00 7.370E-01 6.909E-01 1.677E+09 1.972E+20 2.437E+04 1.648E+00 9.288E+07 3.912E+33 1.678E+09
  523 3.074E+00 7.366E-01 6.914E-01 1.680E+09 1.901E+20 2.383E+04 1.648E+00 9.259E+07 3.915E+33 1.681E+09
  524 3.080E+00 7.362E-01 6.919E-01 1.683E+09 1.831E+20 2.329E+04 1.648E+00 9.230E+07 3.918E+33 1.685E+09
  525 3.085E+00 7.357E-01 6.924E-01 1.686E+09 1.763E+20 2.276E+04 1.648E+00 9.201E+07 3.920E+33 1.688E+09
  526 3.091E+00 7.353E-01 6.928E-01 1.689E+09 1.696E+20 2.224E+04 1.649E+00 9.172E+07 3.923E+33 1.691E+09
  527 3.097E+00 7.349E-01 6.933E-01 1.693E+09 1.632E+20 2.172E+04 1.649E+00 9.143E+07 3.926E+33 1.694E+09
  528 3.103E+00 7.345E-01 6.938E-01 1.696E+09 1.569E+20 2.121E+04 1.649E+00 9.114E+07 3.928E+33 1.697E+09
  529 3.109E+00 7.340E-01 6.942E-01 1.699E+09 1.508E+20 2.071E+04 1.650E+00 9.086E+07 3.931E+33 1.701E+09
  530 3.115E+00 7.336E-01 6.946E-01 1.702E+09 1.448E+20 2.021E+04 1.650E+00 9.057E+07 3.933E+33 1.704E+09
  531 3.121E+00 7.332E-01 6.951E-01 1.705E+09 1.390E+20 1.971E+04 1.650E+00 9.028E+07 3.935E+33 1.707E+09
  532 3.127E+00 7.328E-01 6.955E-01 1.709E+09 1.334E+20 1.923E+04 1.650E+00 9.000E+07 3.938E+33 1.710E+09
  533 3.133E+00 7.324E-01 6.959E-01 1.712E+09 1.279E+20 1.874E+04 1.651E+00 8.971E+07 3.940E+33 1.713E+09
  534 3.138E+00 7.319E-01 6.963E-01 1.715E+09 1.226E+20 1.827E+04 1.651E+00 8.943E+07 3.942E+33 1.717E+09
  535 3.144E+00 7.315E-01 6.967E-01 1.718E+09 1.175E+20 1.780E+04 1.651E+00 8.914E+07 3.944E+33 1.720E+09
  536 3.150E+00 7.311E-01 6.971E-01 1.722E+09 1.124E+20 1.733E+04 1.651E+00 8.886E+07 3.947E+33 1.723E+09
  537 3.156E+00 7.307E-01 6.974E-01 1.725E+09 1.076E+20 1.688E+04 1.652E+00 8.857E+07 3.949E+33 1.726E+09
  538 3.162E+00 7.303E-01 6.978E-01 1.728E+09 1.029E+20 1.642E+04 1.652E+00 8.829E+07 3.951E+33 1.730E+09
  539 3.168E+00 7.299E-01 6.982E-01 1.731E+09 9.828E+19 1.598E+04 1.652E+00 8.801E+07 3.953E+33 1.733E+09
  540 3.174E+00 7.295E-01 6.985E-01 1.734E+09 9.384E+19 1.554E+04 1.652E+00 8.772E+07 3.955E+33 1.736E+09
  541 3.180E+00 7.291E-01 6.989E-01 1.738E+09 8.954E+19 1.510E+04 1.653E+00 8.744E+07 3.956E+33 1.739E+09
  542 3.186E+00 7.287E-01 6.992E-01 1.741E+09 8.537E+19 1.467E+04 1.653E+00 8.716E+07 3.958E+33 1.742E+09
  543 3.191E+00 7.283E-01 6.995E-01 1.744E+09 8.133E+19 1.425E+04 1.653E+00 8.688E+07 3.960E+33 1.746E+09
  544 3.197E+00 7.278E-01 6.998E-01 1.747E+09 7.743E+19 1.383E+04 1.653E+00 8.660E+07 3.962E+33 1.749E+09
  545 3.203E+00 7.274E-01 7.001E-01 1.750E+09 7.365E+19 1.342E+04 1.654E+00 8.632E+07 3.964E+33 1.752E+09
  546 3.209E+00 7.270E-01 7.005E-01 1.754E+09 7.000E+19 1.301E+04 1.654E+00 8.604E+07 3.965E+33 1.755E+09
  547 3.215E+00 7.266E-01 7.007E-01 1.757E+09 6.647E+19 1.261E+04 1.654E+00 8.576E+07 3.967E+33 1.758E+09
  548 3.221E+00 7.262E-01 7.010E-01 1.760E+09 6.306E+19 1.222E+04 1.654E+00 8.548E+07 3.968E+33 1.762E+09
  549 3.227E+00 7.259E-01 7.013E-01 1.763E+09 5.977E+19 1.183E+04 1.655E+00 8.520E+07 3.970E+33 1.765E+09
  550 3.233E+00 7.255E-01 7.016E-01 1.766E+09 5.660E+19 1.144E+04 1.655E+00 8.492E+07 3.971E+33 1.768E+09
  551 3.239E+00 7.251E-01 7.018E-01 1.770E+09 5.354E+19 1.107E+04 1.655E+00 8.465E+07 3.973E+33 1.771E+09
  552 3.244E+00 7.247E-01 7.021E-01 1.773E+09 5.059E+19 1.069E+04 1.655E+00 8.437E+07 3.974E+33 1.774E+09
  553 3.250E+00 7.243E-01 7.023E-01 1.776E+09 4.775E+19 1.033E+04 1.656E+00 8.409E+07 3.976E+33 1.778E+09
  554 3.256E+00 7.239E-01 7.026E-01 1.779E+09 4.502E+19 9.966E+03 1.656E+00 8.382E+07 3.977E+33 1.781E+09
  555 3.262E+00 7.235E-01 7.028E-01 1.783E+09 4.239E+19 9.611E+03 1.656E+00 8.354E+07 3.978E+33 1.784E+09
  556 3.268E+00 7.231E-01 7.030E-01 1.786E+09 3.987E+19 9.261E+03 1.656E+00 8.327E+07 3.979E+33 1.787E+09
  557 3.274E+00 7.227E-01 7.033E-01 1.789E+09 3.745E+19 8.917E+03 1.657E+00 8.299E+07 3.981E+33 1.791E+09
  558 3.280E+00 7.223E-01 7.035E-01 1.792E+09 3.512E+19 8.579E+03 1.657E+00 8.272E+07 3.982E+33 1.794E+09
  559 3.286E+00 7.220E-01 7.037E-01 1.795E+09 3.289E+19 8.246E+03 1.657E+00 8.245E+07 3.983E+33 1.797E+09
  560 3.292E+00 7.216E-01 7.039E-01 1.799E+09 3.076E+19 7.919E+03 1.657E+00 8.218E+07 3.984E+33 1.800E+09
  561 3.297E+00 7.212E-01 7.041E-01 1.802E+09 2.872E+19 7.598E+03 1.658E+00 8.191E+07 3.985E+33 1.803E+09
  562 3.303E+00 7.208E-01 7.042E-01 1.805E+09 2.677E+19 7.282E+03 1.658E+00 8.163E+07 3.986E+33 1.807E+09
  563 3.309E+00 7.204E-01 7.044E-01 1.808E+09 2.491E+19 6.972E+03 1.658E+00 8.136E+07 3.987E+33 1.810E+09
  564 3.315E+00 7.201E-01 7.046E-01 1.811E+09 2.313E+19 6.668E+03 1.658E+00 8.109E+07 3.988E+33 1.813E+09
  565 3.321E+00 7.197E-01 7.048E-01 1.815E+09 2.144E+19 6.369E+03 1.659E+00 8.083E+07 3.989E+33 1.816E+09
  566 3.327E+00 7.193E-01 7.049E-01 1.818E+09 1.983E+19 6.077E+03 1.659E+00 8.056E+07 3.990E+33 1.819E+09
  567 3.333E+00 7.189E-01 7.051E-01 1.821E+09 1.830E+19 5.789E+03 1.659E+00 8.029E+07 3.990E+33 1.823E+09
  568 3.339E+00 7.186E-01 7.052E-01 1.824E+09 1.685E+19 5.508E+03 1.659E+00 8.002E+07 3.991E+33 1.826E+09
  569 3.345E+00 7.182E-01 7.053E-01 1.827E+09 1.547E+19 5.232E+03 1.660E+00 7.976E+07 3.992E+33 1.829E+09
  570 3.350E+00 7.178E-01 7.055E-01 1.831E+09 1.417E+19 4.963E+03 1.660E+00 7.949E+07 3.993E+33 1.832E+09
  571 3.356E+00 7.174E-01 7.056E-01 1.834E+09 1.294E+19 4.699E+03 1.660E+00 7.923E+07 3.993E+33 1.836E+09
  572 3.362E+00 7.171E-01 7.057E-01 1.837E+09 1.178E+19 4.440E+03 1.660E+00 7.896E+07 3.994E+33 1.839E+09
  573 3.368E+00 7.167E-01 7.058E-01 1.840E+09 1.069E+19 4.188E+03 1.661E+00 7.870E+07 3.995E+33 1.842E+09
  574 3.374E+00 7.164E-01 7.059E-01 1.844E+09 9.666E+18 3.942E+03 1.661E+00 7.844E+07 3.995E+33 1.845E+09
  575 3.380E+00 7.160E-01 7.060E-01 1.847E+09 8.707E+18 3.701E+03 1.661E+00 7.817E+07 3.996E+33 1.848E+09
  576 3.386E+00 7.156E-01 7.061E-01 1.850E+09 7.810E+18 3.467E+03 1.661E+00 7.791E+07 3.996E+33 1.852E+09
  577 3.392E+00 7.153E-01 7.062E-01 1.853E+09 6.974E+18 3.238E+03 1.661E+00 7.765E+07 3.997E+33 1.855E+09
  578 3.398E+00 7.149E-01 7.063E-01 1.856E+09 6.197E+18 3.016E+03 1.662E+00 7.739E+07 3.997E+33 1.858E+09
  579 3.403E+00 7.145E-01 7.064E-01 1.860E+09 5.476E+18 2.800E+03 1.662E+00 7.713E+07 3.998E+33 1.861E+09
  580 3.409E+00 7.142E-01 7.065E-01 1.863E+09 4.811E+18 2.590E+03 1.662E+00 7.688E+07 3.998E+33 1.864E+09
  581 3.415E+00 7.138E-01 7.065E-01 1.866E+09 4.199E+18 2.386E+03 1.662E+00 7.662E+07 3.998E+33 1.868E+09
  582 3.421E+00 7.135E-01 7.066E-01 1.869E+09 3.638E+18 2.189E+03 1.663E+00 7.636E+07 3.999E+33 1.871E+09
  583 3.427E+00 7.131E-01 7.067E-01 1.872E+09 3.126E+18 1.998E+03 1.663E+00 7.611E+07 3.999E+33 1.874E+09
  584 3.433E+00 7.128E-01 7.067E-01 1.876E+09 2.662E+18 1.814E+03 1.663E+00 7.585E+07 3.999E+33 1.877E+09
  585 3.439E+00 7.124E-01 7.068E-01 1.879E+09 2.243E+18 1.637E+03 1.663E+00 7.560E+07 3.999E+33 1.880E+09
  586 3.445E+00 7.121E-01 7.068E-01 1.882E+09 1.868E+18 1.466E+03 1.664E+00 7.534E+07 4.000E+33 1.884E+09
  587 3.451E+00 7.117E-01 7.068E-01 1.885E+09 1.534E+18 1.302E+03 1.664E+00 7.509E+07 4.000E+33 1.887E+09
  588 3.456E+00 7.114E-01 7.069E-01 1.889E+09 1.240E+18 1.146E+03 1.664E+00 7.484E+07 4.000E+33 1.890E+09
  589 3.462E+00 7.110E-01 7.069E-01 1.892E+09 9.831E+17 9.970E+02 1.664E+00 7.459E+07 4.000E+33 1.893E+09
  590 3.468E+00 7.107E-01 7.069E-01 1.895E+09 7.620E+17 8.555E+02 1.665E+00 7.434E+07 4.000E+33 1.897E+09
  591 3.474E+00 7.103E-01 7.070E-01 1.898E+09 5.745E+17 7.220E+02 1.665E+00 7.409E+07 4.001E+33 1.900E+09
  592 3.480E+00 7.100E-01 7.070E-01 1.901E+09 4.183E+17 5.967E+02 1.665E+00 7.384E+07 4.001E+33 1.903E+09
  593 3.486E+00 7.096E-01 7.070E-01 1.905E+09 2.912E+17 4.800E+02 1.665E+00 7.359E+07 4.001E+33 1.906E+09
  594 3.492E+00 7.093E-01 7.070E-01 1.908E+09 1.909E+17 3.726E+02 1.665E+00 7.335E+07 4.001E+33 1.909E+09
  595 3.498E+00 7.090E-01 7.070E-01 1.911E+09 1.151E+17 2.749E+02 1.666E+00 7.310E+07 4.001E+33 1.913E+09
  596 3.504E+00 7.086E-01 7.070E-01 1.914E+09 6.114E+16 1.881E+02 1.666E+00 7.286E+07 4.001E+33 1.916E+09
  597 3.509E+00 7.083E-01 7.071E-01 1.917E+09 2.625E+16 1.132E+02 1.666E+00 7.261E+07 4.001E+33 1.919E+09
  598 3.515E+00 7.079E-01 7.071E-01 1.921E+09 7.289E+15 5.247E+01 1.666E+00 7.237E+07 4.001E+33 1.922E+09
  599 3.521E+00 7.076E-01 7.071E-01 1.924E+09 4.662E+14 1.008E+01 1.667E+00 7.213E+07 4.001E+33 1.925E+09
  600 3.527E+00 7.073E-01 7.071E-01 1.927E+09 0.000E+00 0.000E+00 0.000E+00 1.036E+02 5.768E+27 9.983E-01
  601 9.530E+26 3.536E-01 1.019E-06 1.000E+00 1.533E+00 4.818E+06 9.810E+05 0.000E+00 8.807E+05 1.606E+06
