 White dwarf: y02 = 0.500 Outer radius = 3.5330
 601          eta 
  0.0000E+000  5.8883E-003  1.1777E-002  1.7665E-002  2.3553E-002  2.9441E-002
  3.5330E-002  4.1218E-002  4.7106E-002  5.2995E-002  5.8883E-002  6.4771E-002
  7.0659E-002  7.6548E-002  8.2436E-002  8.8324E-002  9.4213E-002  1.0010E-001
  1.0599E-001  1.1188E-001  1.1777E-001  1.2365E-001  1.2954E-001  1.3543E-001
  1.4132E-001  1.4721E-001  1.5310E-001  1.5898E-001  1.6487E-001  1.7076E-001
  1.7665E-001  1.8254E-001  1.8843E-001  1.9431E-001  2.0020E-001  2.0609E-001
  2.1198E-001  2.1787E-001  2.2375E-001  2.2964E-001  2.3553E-001  2.4142E-001
  2.4731E-001  2.5320E-001  2.5908E-001  2.6497E-001  2.7086E-001  2.7675E-001
  2.8264E-001  2.8853E-001  2.9441E-001  3.0030E-001  3.0619E-001  3.1208E-001
  3.1797E-001  3.2386E-001  3.2974E-001  3.3563E-001  3.4152E-001  3.4741E-001
  3.5330E-001  3.5919E-001  3.6507E-001  3.7096E-001  3.7685E-001  3.8274E-001
  3.8863E-001  3.9452E-001  4.0040E-001  4.0629E-001  4.1218E-001  4.1807E-001
  4.2396E-001  4.2984E-001  4.3573E-001  4.4162E-001  4.4751E-001  4.5340E-001
  4.5929E-001  4.6517E-001  4.7106E-001  4.7695E-001  4.8284E-001  4.8873E-001
  4.9462E-001  5.0050E-001  5.0639E-001  5.1228E-001  5.1817E-001  5.2406E-001
  5.2995E-001  5.3583E-001  5.4172E-001  5.4761E-001  5.5350E-001  5.5939E-001
  5.6528E-001  5.7116E-001  5.7705E-001  5.8294E-001  5.8883E-001  5.9472E-001
  6.0060E-001  6.0649E-001  6.1238E-001  6.1827E-001  6.2416E-001  6.3005E-001
  6.3593E-001  6.4182E-001  6.4771E-001  6.5360E-001  6.5949E-001  6.6538E-001
  6.7126E-001  6.7715E-001  6.8304E-001  6.8893E-001  6.9482E-001  7.0071E-001
  7.0659E-001  7.1248E-001  7.1837E-001  7.2426E-001  7.3015E-001  7.3604E-001
  7.4192E-001  7.4781E-001  7.5370E-001  7.5959E-001  7.6548E-001  7.7137E-001
  7.7725E-001  7.8314E-001  7.8903E-001  7.9492E-001  8.0081E-001  8.0669E-001
  8.1258E-001  8.1847E-001  8.2436E-001  8.3025E-001  8.3614E-001  8.4202E-001
  8.4791E-001  8.5380E-001  8.5969E-001  8.6558E-001  8.7147E-001  8.7735E-001
  8.8324E-001  8.8913E-001  8.9502E-001  9.0091E-001  9.0680E-001  9.1268E-001
  9.1857E-001  9.2446E-001  9.3035E-001  9.3624E-001  9.4213E-001  9.4801E-001
  9.5390E-001  9.5979E-001  9.6568E-001  9.7157E-001  9.7746E-001  9.8334E-001
  9.8923E-001  9.9512E-001  1.0010E+000  1.0069E+000  1.0128E+000  1.0187E+000
  1.0246E+000  1.0304E+000  1.0363E+000  1.0422E+000  1.0481E+000  1.0540E+000
  1.0599E+000  1.0658E+000  1.0717E+000  1.0776E+000  1.0834E+000  1.0893E+000
  1.0952E+000  1.1011E+000  1.1070E+000  1.1129E+000  1.1188E+000  1.1247E+000
  1.1306E+000  1.1364E+000  1.1423E+000  1.1482E+000  1.1541E+000  1.1600E+000
  1.1659E+000  1.1718E+000  1.1777E+000  1.1835E+000  1.1894E+000  1.1953E+000
  1.2012E+000  1.2071E+000  1.2130E+000  1.2189E+000  1.2248E+000  1.2307E+000
  1.2365E+000  1.2424E+000  1.2483E+000  1.2542E+000  1.2601E+000  1.2660E+000
  1.2719E+000  1.2778E+000  1.2836E+000  1.2895E+000  1.2954E+000  1.3013E+000
  1.3072E+000  1.3131E+000  1.3190E+000  1.3249E+000  1.3308E+000  1.3366E+000
  1.3425E+000  1.3484E+000  1.3543E+000  1.3602E+000  1.3661E+000  1.3720E+000
  1.3779E+000  1.3837E+000  1.3896E+000  1.3955E+000  1.4014E+000  1.4073E+000
  1.4132E+000  1.4191E+000  1.4250E+000  1.4309E+000  1.4367E+000  1.4426E+000
  1.4485E+000  1.4544E+000  1.4603E+000  1.4662E+000  1.4721E+000  1.4780E+000
  1.4838E+000  1.4897E+000  1.4956E+000  1.5015E+000  1.5074E+000  1.5133E+000
  1.5192E+000  1.5251E+000  1.5310E+000  1.5368E+000  1.5427E+000  1.5486E+000
  1.5545E+000  1.5604E+000  1.5663E+000  1.5722E+000  1.5781E+000  1.5839E+000
  1.5898E+000  1.5957E+000  1.6016E+000  1.6075E+000  1.6134E+000  1.6193E+000
  1.6252E+000  1.6311E+000  1.6369E+000  1.6428E+000  1.6487E+000  1.6546E+000
  1.6605E+000  1.6664E+000  1.6723E+000  1.6782E+000  1.6840E+000  1.6899E+000
  1.6958E+000  1.7017E+000  1.7076E+000  1.7135E+000  1.7194E+000  1.7253E+000
  1.7312E+000  1.7370E+000  1.7429E+000  1.7488E+000  1.7547E+000  1.7606E+000
  1.7665E+000  1.7724E+000  1.7783E+000  1.7842E+000  1.7900E+000  1.7959E+000
  1.8018E+000  1.8077E+000  1.8136E+000  1.8195E+000  1.8254E+000  1.8313E+000
  1.8371E+000  1.8430E+000  1.8489E+000  1.8548E+000  1.8607E+000  1.8666E+000
  1.8725E+000  1.8784E+000  1.8843E+000  1.8901E+000  1.8960E+000  1.9019E+000
  1.9078E+000  1.9137E+000  1.9196E+000  1.9255E+000  1.9314E+000  1.9372E+000
  1.9431E+000  1.9490E+000  1.9549E+000  1.9608E+000  1.9667E+000  1.9726E+000
  1.9785E+000  1.9844E+000  1.9902E+000  1.9961E+000  2.0020E+000  2.0079E+000
  2.0138E+000  2.0197E+000  2.0256E+000  2.0315E+000  2.0373E+000  2.0432E+000
  2.0491E+000  2.0550E+000  2.0609E+000  2.0668E+000  2.0727E+000  2.0786E+000
  2.0845E+000  2.0903E+000  2.0962E+000  2.1021E+000  2.1080E+000  2.1139E+000
  2.1198E+000  2.1257E+000  2.1316E+000  2.1374E+000  2.1433E+000  2.1492E+000
  2.1551E+000  2.1610E+000  2.1669E+000  2.1728E+000  2.1787E+000  2.1846E+000
  2.1904E+000  2.1963E+000  2.2022E+000  2.2081E+000  2.2140E+000  2.2199E+000
  2.2258E+000  2.2317E+000  2.2375E+000  2.2434E+000  2.2493E+000  2.2552E+000
  2.2611E+000  2.2670E+000  2.2729E+000  2.2788E+000  2.2847E+000  2.2905E+000
  2.2964E+000  2.3023E+000  2.3082E+000  2.3141E+000  2.3200E+000  2.3259E+000
  2.3318E+000  2.3376E+000  2.3435E+000  2.3494E+000  2.3553E+000  2.3612E+000
  2.3671E+000  2.3730E+000  2.3789E+000  2.3848E+000  2.3906E+000  2.3965E+000
  2.4024E+000  2.4083E+000  2.4142E+000  2.4201E+000  2.4260E+000  2.4319E+000
  2.4377E+000  2.4436E+000  2.4495E+000  2.4554E+000  2.4613E+000  2.4672E+000
  2.4731E+000  2.4790E+000  2.4849E+000  2.4907E+000  2.4966E+000  2.5025E+000
  2.5084E+000  2.5143E+000  2.5202E+000  2.5261E+000  2.5320E+000  2.5379E+000
  2.5437E+000  2.5496E+000  2.5555E+000  2.5614E+000  2.5673E+000  2.5732E+000
  2.5791E+000  2.5850E+000  2.5908E+000  2.5967E+000  2.6026E+000  2.6085E+000
  2.6144E+000  2.6203E+000  2.6262E+000  2.6321E+000  2.6380E+000  2.6438E+000
  2.6497E+000  2.6556E+000  2.6615E+000  2.6674E+000  2.6733E+000  2.6792E+000
  2.6851E+000  2.6909E+000  2.6968E+000  2.7027E+000  2.7086E+000  2.7145E+000
  2.7204E+000  2.7263E+000  2.7322E+000  2.7381E+000  2.7439E+000  2.7498E+000
  2.7557E+000  2.7616E+000  2.7675E+000  2.7734E+000  2.7793E+000  2.7852E+000
  2.7910E+000  2.7969E+000  2.8028E+000  2.8087E+000  2.8146E+000  2.8205E+000
  2.8264E+000  2.8323E+000  2.8382E+000  2.8440E+000  2.8499E+000  2.8558E+000
  2.8617E+000  2.8676E+000  2.8735E+000  2.8794E+000  2.8853E+000  2.8911E+000
  2.8970E+000  2.9029E+000  2.9088E+000  2.9147E+000  2.9206E+000  2.9265E+000
  2.9324E+000  2.9383E+000  2.9441E+000  2.9500E+000  2.9559E+000  2.9618E+000
  2.9677E+000  2.9736E+000  2.9795E+000  2.9854E+000  2.9912E+000  2.9971E+000
  3.0030E+000  3.0089E+000  3.0148E+000  3.0207E+000  3.0266E+000  3.0325E+000
  3.0384E+000  3.0442E+000  3.0501E+000  3.0560E+000  3.0619E+000  3.0678E+000
  3.0737E+000  3.0796E+000  3.0855E+000  3.0913E+000  3.0972E+000  3.1031E+000
  3.1090E+000  3.1149E+000  3.1208E+000  3.1267E+000  3.1326E+000  3.1385E+000
  3.1443E+000  3.1502E+000  3.1561E+000  3.1620E+000  3.1679E+000  3.1738E+000
  3.1797E+000  3.1856E+000  3.1914E+000  3.1973E+000  3.2032E+000  3.2091E+000
  3.2150E+000  3.2209E+000  3.2268E+000  3.2327E+000  3.2386E+000  3.2444E+000
  3.2503E+000  3.2562E+000  3.2621E+000  3.2680E+000  3.2739E+000  3.2798E+000
  3.2857E+000  3.2916E+000  3.2974E+000  3.3033E+000  3.3092E+000  3.3151E+000
  3.3210E+000  3.3269E+000  3.3328E+000  3.3387E+000  3.3445E+000  3.3504E+000
  3.3563E+000  3.3622E+000  3.3681E+000  3.3740E+000  3.3799E+000  3.3858E+000
  3.3917E+000  3.3975E+000  3.4034E+000  3.4093E+000  3.4152E+000  3.4211E+000
  3.4270E+000  3.4329E+000  3.4388E+000  3.4446E+000  3.4505E+000  3.4564E+000
  3.4623E+000  3.4682E+000  3.4741E+000  3.4800E+000  3.4859E+000  3.4918E+000
  3.4976E+000  3.5035E+000  3.5094E+000  3.5153E+000  3.5212E+000  3.5271E+000
  3.5330E+000
 601          x   
  0.0000E+000  1.6667E-003  3.3333E-003  5.0000E-003  6.6667E-003  8.3333E-003
  1.0000E-002  1.1667E-002  1.3333E-002  1.5000E-002  1.6667E-002  1.8333E-002
  2.0000E-002  2.1667E-002  2.3333E-002  2.5000E-002  2.6667E-002  2.8333E-002
  3.0000E-002  3.1667E-002  3.3333E-002  3.5000E-002  3.6667E-002  3.8333E-002
  4.0000E-002  4.1667E-002  4.3333E-002  4.5000E-002  4.6667E-002  4.8333E-002
  5.0000E-002  5.1667E-002  5.3333E-002  5.5000E-002  5.6667E-002  5.8333E-002
  6.0000E-002  6.1667E-002  6.3333E-002  6.5000E-002  6.6667E-002  6.8333E-002
  7.0000E-002  7.1667E-002  7.3333E-002  7.5000E-002  7.6667E-002  7.8333E-002
  8.0000E-002  8.1667E-002  8.3333E-002  8.5000E-002  8.6667E-002  8.8333E-002
  9.0000E-002  9.1667E-002  9.3333E-002  9.5000E-002  9.6667E-002  9.8333E-002
  1.0000E-001  1.0167E-001  1.0333E-001  1.0500E-001  1.0667E-001  1.0833E-001
  1.1000E-001  1.1167E-001  1.1333E-001  1.1500E-001  1.1667E-001  1.1833E-001
  1.2000E-001  1.2167E-001  1.2333E-001  1.2500E-001  1.2667E-001  1.2833E-001
  1.3000E-001  1.3167E-001  1.3333E-001  1.3500E-001  1.3667E-001  1.3833E-001
  1.4000E-001  1.4167E-001  1.4333E-001  1.4500E-001  1.4667E-001  1.4833E-001
  1.5000E-001  1.5167E-001  1.5333E-001  1.5500E-001  1.5667E-001  1.5833E-001
  1.6000E-001  1.6167E-001  1.6333E-001  1.6500E-001  1.6667E-001  1.6833E-001
  1.7000E-001  1.7167E-001  1.7333E-001  1.7500E-001  1.7667E-001  1.7833E-001
  1.8000E-001  1.8167E-001  1.8333E-001  1.8500E-001  1.8667E-001  1.8833E-001
  1.9000E-001  1.9167E-001  1.9333E-001  1.9500E-001  1.9667E-001  1.9833E-001
  2.0000E-001  2.0167E-001  2.0333E-001  2.0500E-001  2.0667E-001  2.0833E-001
  2.1000E-001  2.1167E-001  2.1333E-001  2.1500E-001  2.1667E-001  2.1833E-001
  2.2000E-001  2.2167E-001  2.2333E-001  2.2500E-001  2.2667E-001  2.2833E-001
  2.3000E-001  2.3167E-001  2.3333E-001  2.3500E-001  2.3667E-001  2.3833E-001
  2.4000E-001  2.4167E-001  2.4333E-001  2.4500E-001  2.4667E-001  2.4833E-001
  2.5000E-001  2.5167E-001  2.5333E-001  2.5500E-001  2.5667E-001  2.5833E-001
  2.6000E-001  2.6167E-001  2.6333E-001  2.6500E-001  2.6667E-001  2.6833E-001
  2.7000E-001  2.7167E-001  2.7333E-001  2.7500E-001  2.7667E-001  2.7833E-001
  2.8000E-001  2.8167E-001  2.8333E-001  2.8500E-001  2.8667E-001  2.8833E-001
  2.9000E-001  2.9167E-001  2.9333E-001  2.9500E-001  2.9667E-001  2.9833E-001
  3.0000E-001  3.0167E-001  3.0333E-001  3.0500E-001  3.0667E-001  3.0833E-001
  3.1000E-001  3.1167E-001  3.1333E-001  3.1500E-001  3.1667E-001  3.1833E-001
  3.2000E-001  3.2167E-001  3.2333E-001  3.2500E-001  3.2667E-001  3.2833E-001
  3.3000E-001  3.3167E-001  3.3333E-001  3.3500E-001  3.3667E-001  3.3833E-001
  3.4000E-001  3.4167E-001  3.4333E-001  3.4500E-001  3.4667E-001  3.4833E-001
  3.5000E-001  3.5167E-001  3.5333E-001  3.5500E-001  3.5667E-001  3.5833E-001
  3.6000E-001  3.6167E-001  3.6333E-001  3.6500E-001  3.6667E-001  3.6833E-001
  3.7000E-001  3.7167E-001  3.7333E-001  3.7500E-001  3.7667E-001  3.7833E-001
  3.8000E-001  3.8167E-001  3.8333E-001  3.8500E-001  3.8667E-001  3.8833E-001
  3.9000E-001  3.9167E-001  3.9333E-001  3.9500E-001  3.9667E-001  3.9833E-001
  4.0000E-001  4.0167E-001  4.0333E-001  4.0500E-001  4.0667E-001  4.0833E-001
  4.1000E-001  4.1167E-001  4.1333E-001  4.1500E-001  4.1667E-001  4.1833E-001
  4.2000E-001  4.2167E-001  4.2333E-001  4.2500E-001  4.2667E-001  4.2833E-001
  4.3000E-001  4.3167E-001  4.3333E-001  4.3500E-001  4.3667E-001  4.3833E-001
  4.4000E-001  4.4167E-001  4.4333E-001  4.4500E-001  4.4667E-001  4.4833E-001
  4.5000E-001  4.5167E-001  4.5333E-001  4.5500E-001  4.5667E-001  4.5833E-001
  4.6000E-001  4.6167E-001  4.6333E-001  4.6500E-001  4.6667E-001  4.6833E-001
  4.7000E-001  4.7167E-001  4.7333E-001  4.7500E-001  4.7667E-001  4.7833E-001
  4.8000E-001  4.8167E-001  4.8333E-001  4.8500E-001  4.8667E-001  4.8833E-001
  4.9000E-001  4.9167E-001  4.9333E-001  4.9500E-001  4.9667E-001  4.9833E-001
  5.0000E-001  5.0167E-001  5.0333E-001  5.0500E-001  5.0667E-001  5.0833E-001
  5.1000E-001  5.1167E-001  5.1333E-001  5.1500E-001  5.1667E-001  5.1833E-001
  5.2000E-001  5.2167E-001  5.2333E-001  5.2500E-001  5.2667E-001  5.2833E-001
  5.3000E-001  5.3167E-001  5.3333E-001  5.3500E-001  5.3667E-001  5.3833E-001
  5.4000E-001  5.4167E-001  5.4333E-001  5.4500E-001  5.4667E-001  5.4833E-001
  5.5000E-001  5.5167E-001  5.5333E-001  5.5500E-001  5.5667E-001  5.5833E-001
  5.6000E-001  5.6167E-001  5.6333E-001  5.6500E-001  5.6667E-001  5.6833E-001
  5.7000E-001  5.7167E-001  5.7333E-001  5.7500E-001  5.7667E-001  5.7833E-001
  5.8000E-001  5.8167E-001  5.8333E-001  5.8500E-001  5.8667E-001  5.8833E-001
  5.9000E-001  5.9167E-001  5.9333E-001  5.9500E-001  5.9667E-001  5.9833E-001
  6.0000E-001  6.0167E-001  6.0333E-001  6.0500E-001  6.0667E-001  6.0833E-001
  6.1000E-001  6.1167E-001  6.1333E-001  6.1500E-001  6.1667E-001  6.1833E-001
  6.2000E-001  6.2167E-001  6.2333E-001  6.2500E-001  6.2667E-001  6.2833E-001
  6.3000E-001  6.3167E-001  6.3333E-001  6.3500E-001  6.3667E-001  6.3833E-001
  6.4000E-001  6.4167E-001  6.4333E-001  6.4500E-001  6.4667E-001  6.4833E-001
  6.5000E-001  6.5167E-001  6.5333E-001  6.5500E-001  6.5667E-001  6.5833E-001
  6.6000E-001  6.6167E-001  6.6333E-001  6.6500E-001  6.6667E-001  6.6833E-001
  6.7000E-001  6.7167E-001  6.7333E-001  6.7500E-001  6.7667E-001  6.7833E-001
  6.8000E-001  6.8167E-001  6.8333E-001  6.8500E-001  6.8667E-001  6.8833E-001
  6.9000E-001  6.9167E-001  6.9333E-001  6.9500E-001  6.9667E-001  6.9833E-001
  7.0000E-001  7.0167E-001  7.0333E-001  7.0500E-001  7.0667E-001  7.0833E-001
  7.1000E-001  7.1167E-001  7.1333E-001  7.1500E-001  7.1667E-001  7.1833E-001
  7.2000E-001  7.2167E-001  7.2333E-001  7.2500E-001  7.2667E-001  7.2833E-001
  7.3000E-001  7.3167E-001  7.3333E-001  7.3500E-001  7.3667E-001  7.3833E-001
  7.4000E-001  7.4167E-001  7.4333E-001  7.4500E-001  7.4667E-001  7.4833E-001
  7.5000E-001  7.5167E-001  7.5333E-001  7.5500E-001  7.5667E-001  7.5833E-001
  7.6000E-001  7.6167E-001  7.6333E-001  7.6500E-001  7.6667E-001  7.6833E-001
  7.7000E-001  7.7167E-001  7.7333E-001  7.7500E-001  7.7667E-001  7.7833E-001
  7.8000E-001  7.8167E-001  7.8333E-001  7.8500E-001  7.8667E-001  7.8833E-001
  7.9000E-001  7.9167E-001  7.9333E-001  7.9500E-001  7.9667E-001  7.9833E-001
  8.0000E-001  8.0167E-001  8.0333E-001  8.0500E-001  8.0667E-001  8.0833E-001
  8.1000E-001  8.1167E-001  8.1333E-001  8.1500E-001  8.1667E-001  8.1833E-001
  8.2000E-001  8.2167E-001  8.2333E-001  8.2500E-001  8.2667E-001  8.2833E-001
  8.3000E-001  8.3167E-001  8.3333E-001  8.3500E-001  8.3667E-001  8.3833E-001
  8.4000E-001  8.4167E-001  8.4333E-001  8.4500E-001  8.4667E-001  8.4833E-001
  8.5000E-001  8.5167E-001  8.5333E-001  8.5500E-001  8.5667E-001  8.5833E-001
  8.6000E-001  8.6167E-001  8.6333E-001  8.6500E-001  8.6667E-001  8.6833E-001
  8.7000E-001  8.7167E-001  8.7333E-001  8.7500E-001  8.7667E-001  8.7833E-001
  8.8000E-001  8.8167E-001  8.8333E-001  8.8500E-001  8.8667E-001  8.8833E-001
  8.9000E-001  8.9167E-001  8.9333E-001  8.9500E-001  8.9667E-001  8.9833E-001
  9.0000E-001  9.0167E-001  9.0333E-001  9.0500E-001  9.0667E-001  9.0833E-001
  9.1000E-001  9.1167E-001  9.1333E-001  9.1500E-001  9.1667E-001  9.1833E-001
  9.2000E-001  9.2167E-001  9.2333E-001  9.2500E-001  9.2667E-001  9.2833E-001
  9.3000E-001  9.3167E-001  9.3333E-001  9.3500E-001  9.3667E-001  9.3833E-001
  9.4000E-001  9.4167E-001  9.4333E-001  9.4500E-001  9.4667E-001  9.4833E-001
  9.5000E-001  9.5167E-001  9.5333E-001  9.5500E-001  9.5667E-001  9.5833E-001
  9.6000E-001  9.6167E-001  9.6333E-001  9.6500E-001  9.6667E-001  9.6833E-001
  9.7000E-001  9.7167E-001  9.7333E-001  9.7500E-001  9.7667E-001  9.7833E-001
  9.8000E-001  9.8167E-001  9.8333E-001  9.8500E-001  9.8667E-001  9.8833E-001
  9.9000E-001  9.9167E-001  9.9333E-001  9.9500E-001  9.9667E-001  9.9833E-001
  1.0000E+000
 601          thet
  1.0000E+000  1.0000E+000  9.9999E-001  9.9998E-001  9.9997E-001  9.9995E-001
  9.9993E-001  9.9990E-001  9.9987E-001  9.9983E-001  9.9980E-001  9.9975E-001
  9.9971E-001  9.9965E-001  9.9960E-001  9.9954E-001  9.9948E-001  9.9941E-001
  9.9934E-001  9.9926E-001  9.9918E-001  9.9910E-001  9.9901E-001  9.9892E-001
  9.9883E-001  9.9873E-001  9.9862E-001  9.9851E-001  9.9840E-001  9.9829E-001
  9.9817E-001  9.9804E-001  9.9792E-001  9.9778E-001  9.9765E-001  9.9751E-001
  9.9736E-001  9.9722E-001  9.9707E-001  9.9691E-001  9.9675E-001  9.9659E-001
  9.9642E-001  9.9625E-001  9.9607E-001  9.9589E-001  9.9571E-001  9.9552E-001
  9.9533E-001  9.9514E-001  9.9494E-001  9.9474E-001  9.9453E-001  9.9432E-001
  9.9411E-001  9.9389E-001  9.9367E-001  9.9344E-001  9.9321E-001  9.9298E-001
  9.9274E-001  9.9250E-001  9.9226E-001  9.9201E-001  9.9176E-001  9.9150E-001
  9.9124E-001  9.9098E-001  9.9071E-001  9.9044E-001  9.9017E-001  9.8989E-001
  9.8961E-001  9.8932E-001  9.8903E-001  9.8874E-001  9.8845E-001  9.8815E-001
  9.8784E-001  9.8754E-001  9.8723E-001  9.8691E-001  9.8659E-001  9.8627E-001
  9.8595E-001  9.8562E-001  9.8529E-001  9.8496E-001  9.8462E-001  9.8428E-001
  9.8393E-001  9.8358E-001  9.8323E-001  9.8288E-001  9.8252E-001  9.8216E-001
  9.8179E-001  9.8142E-001  9.8105E-001  9.8068E-001  9.8030E-001  9.7992E-001
  9.7953E-001  9.7914E-001  9.7875E-001  9.7836E-001  9.7796E-001  9.7756E-001
  9.7715E-001  9.7675E-001  9.7634E-001  9.7592E-001  9.7551E-001  9.7509E-001
  9.7467E-001  9.7424E-001  9.7381E-001  9.7338E-001  9.7295E-001  9.7251E-001
  9.7207E-001  9.7163E-001  9.7118E-001  9.7073E-001  9.7028E-001  9.6982E-001
  9.6937E-001  9.6891E-001  9.6844E-001  9.6798E-001  9.6751E-001  9.6704E-001
  9.6656E-001  9.6608E-001  9.6560E-001  9.6512E-001  9.6464E-001  9.6415E-001
  9.6366E-001  9.6317E-001  9.6267E-001  9.6217E-001  9.6167E-001  9.6117E-001
  9.6066E-001  9.6016E-001  9.5964E-001  9.5913E-001  9.5862E-001  9.5810E-001
  9.5758E-001  9.5706E-001  9.5653E-001  9.5600E-001  9.5547E-001  9.5494E-001
  9.5441E-001  9.5387E-001  9.5333E-001  9.5279E-001  9.5225E-001  9.5170E-001
  9.5115E-001  9.5060E-001  9.5005E-001  9.4950E-001  9.4894E-001  9.4838E-001
  9.4782E-001  9.4726E-001  9.4670E-001  9.4613E-001  9.4556E-001  9.4499E-001
  9.4442E-001  9.4385E-001  9.4327E-001  9.4269E-001  9.4211E-001  9.4153E-001
  9.4095E-001  9.4036E-001  9.3977E-001  9.3919E-001  9.3859E-001  9.3800E-001
  9.3741E-001  9.3681E-001  9.3622E-001  9.3562E-001  9.3502E-001  9.3441E-001
  9.3381E-001  9.3320E-001  9.3260E-001  9.3199E-001  9.3138E-001  9.3077E-001
  9.3016E-001  9.2954E-001  9.2893E-001  9.2831E-001  9.2769E-001  9.2707E-001
  9.2645E-001  9.2583E-001  9.2520E-001  9.2458E-001  9.2395E-001  9.2332E-001
  9.2269E-001  9.2206E-001  9.2143E-001  9.2080E-001  9.2016E-001  9.1953E-001
  9.1889E-001  9.1826E-001  9.1762E-001  9.1698E-001  9.1634E-001  9.1570E-001
  9.1505E-001  9.1441E-001  9.1377E-001  9.1312E-001  9.1247E-001  9.1183E-001
  9.1118E-001  9.1053E-001  9.0988E-001  9.0923E-001  9.0858E-001  9.0792E-001
  9.0727E-001  9.0662E-001  9.0596E-001  9.0531E-001  9.0465E-001  9.0399E-001
  9.0334E-001  9.0268E-001  9.0202E-001  9.0136E-001  9.0070E-001  9.0004E-001
  8.9938E-001  8.9871E-001  8.9805E-001  8.9739E-001  8.9672E-001  8.9606E-001
  8.9539E-001  8.9473E-001  8.9406E-001  8.9340E-001  8.9273E-001  8.9206E-001
  8.9140E-001  8.9073E-001  8.9006E-001  8.8939E-001  8.8872E-001  8.8806E-001
  8.8739E-001  8.8672E-001  8.8605E-001  8.8538E-001  8.8471E-001  8.8404E-001
  8.8337E-001  8.8269E-001  8.8202E-001  8.8135E-001  8.8068E-001  8.8001E-001
  8.7934E-001  8.7867E-001  8.7800E-001  8.7732E-001  8.7665E-001  8.7598E-001
  8.7531E-001  8.7464E-001  8.7397E-001  8.7329E-001  8.7262E-001  8.7195E-001
  8.7128E-001  8.7061E-001  8.6994E-001  8.6926E-001  8.6859E-001  8.6792E-001
  8.6725E-001  8.6658E-001  8.6591E-001  8.6524E-001  8.6457E-001  8.6390E-001
  8.6323E-001  8.6256E-001  8.6189E-001  8.6122E-001  8.6056E-001  8.5989E-001
  8.5922E-001  8.5855E-001  8.5789E-001  8.5722E-001  8.5655E-001  8.5589E-001
  8.5522E-001  8.5455E-001  8.5389E-001  8.5323E-001  8.5256E-001  8.5190E-001
  8.5124E-001  8.5057E-001  8.4991E-001  8.4925E-001  8.4859E-001  8.4793E-001
  8.4727E-001  8.4661E-001  8.4595E-001  8.4529E-001  8.4463E-001  8.4398E-001
  8.4332E-001  8.4266E-001  8.4201E-001  8.4135E-001  8.4070E-001  8.4005E-001
  8.3939E-001  8.3874E-001  8.3809E-001  8.3744E-001  8.3679E-001  8.3614E-001
  8.3549E-001  8.3484E-001  8.3420E-001  8.3355E-001  8.3291E-001  8.3226E-001
  8.3162E-001  8.3097E-001  8.3033E-001  8.2969E-001  8.2905E-001  8.2841E-001
  8.2777E-001  8.2713E-001  8.2649E-001  8.2586E-001  8.2522E-001  8.2459E-001
  8.2395E-001  8.2332E-001  8.2269E-001  8.2206E-001  8.2143E-001  8.2080E-001
  8.2017E-001  8.1954E-001  8.1892E-001  8.1829E-001  8.1767E-001  8.1704E-001
  8.1642E-001  8.1580E-001  8.1518E-001  8.1456E-001  8.1394E-001  8.1332E-001
  8.1270E-001  8.1209E-001  8.1147E-001  8.1086E-001  8.1025E-001  8.0964E-001
  8.0903E-001  8.0842E-001  8.0781E-001  8.0720E-001  8.0660E-001  8.0599E-001
  8.0539E-001  8.0478E-001  8.0418E-001  8.0358E-001  8.0298E-001  8.0239E-001
  8.0179E-001  8.0119E-001  8.0060E-001  8.0000E-001  7.9941E-001  7.9882E-001
  7.9823E-001  7.9764E-001  7.9705E-001  7.9647E-001  7.9588E-001  7.9530E-001
  7.9471E-001  7.9413E-001  7.9355E-001  7.9297E-001  7.9239E-001  7.9182E-001
  7.9124E-001  7.9067E-001  7.9009E-001  7.8952E-001  7.8895E-001  7.8838E-001
  7.8781E-001  7.8725E-001  7.8668E-001  7.8612E-001  7.8555E-001  7.8499E-001
  7.8443E-001  7.8387E-001  7.8331E-001  7.8275E-001  7.8220E-001  7.8164E-001
  7.8109E-001  7.8054E-001  7.7999E-001  7.7944E-001  7.7889E-001  7.7834E-001
  7.7780E-001  7.7726E-001  7.7671E-001  7.7617E-001  7.7563E-001  7.7509E-001
  7.7456E-001  7.7402E-001  7.7348E-001  7.7295E-001  7.7242E-001  7.7189E-001
  7.7136E-001  7.7083E-001  7.7030E-001  7.6978E-001  7.6925E-001  7.6873E-001
  7.6821E-001  7.6769E-001  7.6717E-001  7.6665E-001  7.6614E-001  7.6562E-001
  7.6511E-001  7.6460E-001  7.6409E-001  7.6358E-001  7.6307E-001  7.6256E-001
  7.6206E-001  7.6155E-001  7.6105E-001  7.6055E-001  7.6005E-001  7.5955E-001
  7.5906E-001  7.5856E-001  7.5807E-001  7.5757E-001  7.5708E-001  7.5659E-001
  7.5610E-001  7.5561E-001  7.5513E-001  7.5464E-001  7.5416E-001  7.5368E-001
  7.5320E-001  7.5272E-001  7.5224E-001  7.5176E-001  7.5129E-001  7.5082E-001
  7.5034E-001  7.4987E-001  7.4940E-001  7.4893E-001  7.4847E-001  7.4800E-001
  7.4754E-001  7.4707E-001  7.4661E-001  7.4615E-001  7.4569E-001  7.4524E-001
  7.4478E-001  7.4433E-001  7.4387E-001  7.4342E-001  7.4297E-001  7.4252E-001
  7.4207E-001  7.4163E-001  7.4118E-001  7.4074E-001  7.4030E-001  7.3986E-001
  7.3942E-001  7.3898E-001  7.3854E-001  7.3810E-001  7.3767E-001  7.3724E-001
  7.3681E-001  7.3638E-001  7.3595E-001  7.3552E-001  7.3509E-001  7.3467E-001
  7.3424E-001  7.3382E-001  7.3340E-001  7.3298E-001  7.3256E-001  7.3215E-001
  7.3173E-001  7.3132E-001  7.3090E-001  7.3049E-001  7.3008E-001  7.2967E-001
  7.2927E-001  7.2886E-001  7.2845E-001  7.2805E-001  7.2765E-001  7.2725E-001
  7.2685E-001  7.2645E-001  7.2605E-001  7.2565E-001  7.2526E-001  7.2487E-001
  7.2447E-001  7.2408E-001  7.2369E-001  7.2331E-001  7.2292E-001  7.2253E-001
  7.2215E-001  7.2177E-001  7.2138E-001  7.2100E-001  7.2062E-001  7.2025E-001
  7.1987E-001  7.1949E-001  7.1912E-001  7.1875E-001  7.1837E-001  7.1800E-001
  7.1763E-001  7.1727E-001  7.1690E-001  7.1653E-001  7.1617E-001  7.1580E-001
  7.1544E-001  7.1508E-001  7.1472E-001  7.1436E-001  7.1401E-001  7.1365E-001
  7.1330E-001  7.1294E-001  7.1259E-001  7.1224E-001  7.1189E-001  7.1154E-001
  7.1119E-001  7.1084E-001  7.1050E-001  7.1015E-001  7.0981E-001  7.0947E-001
  7.0913E-001  7.0879E-001  7.0845E-001  7.0811E-001  7.0778E-001  7.0744E-001
  7.0711E-001
 601          dtdr
  7.0711E-001  2.4060E-008  1.9248E-007  6.4958E-007  1.5397E-006  3.0070E-006
  5.1956E-006  8.2497E-006  1.2313E-005  1.7529E-005  2.4043E-005  3.1996E-005
  4.1532E-005  5.2795E-005  6.5926E-005  8.1069E-005  9.8365E-005  1.1796E-004
  1.3999E-004  1.6459E-004  1.9192E-004  2.2210E-004  2.5528E-004  2.9160E-004
  3.3120E-004  3.7422E-004  4.2079E-004  4.7105E-004  5.2514E-004  5.8319E-004
  6.4534E-004  7.1174E-004  7.8250E-004  8.5776E-004  9.3767E-004  1.0223E-003
  1.1119E-003  1.2065E-003  1.3063E-003  1.4114E-003  1.5219E-003  1.6379E-003
  1.7596E-003  1.8872E-003  2.0206E-003  2.1602E-003  2.3058E-003  2.4578E-003
  2.6163E-003  2.7812E-003  2.9529E-003  3.1313E-003  3.3166E-003  3.5090E-003
  3.7085E-003  3.9152E-003  4.1294E-003  4.3510E-003  4.5801E-003  4.8170E-003
  5.0618E-003  5.3144E-003  5.5751E-003  5.8439E-003  6.1209E-003  6.4063E-003
  6.7002E-003  7.0026E-003  7.3136E-003  7.6335E-003  7.9621E-003  8.2997E-003
  8.6464E-003  9.0022E-003  9.3672E-003  9.7416E-003  1.0125E-002  1.0519E-002
  1.0922E-002  1.1334E-002  1.1756E-002  1.2189E-002  1.2631E-002  1.3083E-002
  1.3545E-002  1.4017E-002  1.4500E-002  1.4993E-002  1.5496E-002  1.6010E-002
  1.6534E-002  1.7069E-002  1.7615E-002  1.8171E-002  1.8739E-002  1.9317E-002
  1.9906E-002  2.0506E-002  2.1117E-002  2.1739E-002  2.2372E-002  2.3017E-002
  2.3673E-002  2.4340E-002  2.5019E-002  2.5709E-002  2.6410E-002  2.7123E-002
  2.7848E-002  2.8584E-002  2.9332E-002  3.0092E-002  3.0863E-002  3.1646E-002
  3.2441E-002  3.3248E-002  3.4067E-002  3.4897E-002  3.5740E-002  3.6594E-002
  3.7461E-002  3.8339E-002  3.9230E-002  4.0132E-002  4.1047E-002  4.1974E-002
  4.2913E-002  4.3864E-002  4.4827E-002  4.5802E-002  4.6790E-002  4.7789E-002
  4.8801E-002  4.9825E-002  5.0861E-002  5.1910E-002  5.2970E-002  5.4043E-002
  5.5128E-002  5.6225E-002  5.7335E-002  5.8456E-002  5.9590E-002  6.0736E-002
  6.1894E-002  6.3064E-002  6.4247E-002  6.5441E-002  6.6648E-002  6.7866E-002
  6.9097E-002  7.0340E-002  7.1595E-002  7.2861E-002  7.4140E-002  7.5431E-002
  7.6733E-002  7.8048E-002  7.9374E-002  8.0713E-002  8.2063E-002  8.3424E-002
  8.4798E-002  8.6183E-002  8.7580E-002  8.8989E-002  9.0409E-002  9.1840E-002
  9.3283E-002  9.4738E-002  9.6204E-002  9.7681E-002  9.9170E-002  1.0067E-001
  1.0218E-001  1.0370E-001  1.0524E-001  1.0678E-001  1.0834E-001  1.0990E-001
  1.1148E-001  1.1307E-001  1.1467E-001  1.1627E-001  1.1789E-001  1.1953E-001
  1.2117E-001  1.2282E-001  1.2448E-001  1.2615E-001  1.2783E-001  1.2953E-001
  1.3123E-001  1.3294E-001  1.3466E-001  1.3640E-001  1.3814E-001  1.3989E-001
  1.4165E-001  1.4342E-001  1.4520E-001  1.4699E-001  1.4879E-001  1.5060E-001
  1.5242E-001  1.5425E-001  1.5608E-001  1.5793E-001  1.5978E-001  1.6164E-001
  1.6351E-001  1.6539E-001  1.6728E-001  1.6918E-001  1.7108E-001  1.7299E-001
  1.7491E-001  1.7684E-001  1.7878E-001  1.8073E-001  1.8268E-001  1.8464E-001
  1.8660E-001  1.8858E-001  1.9056E-001  1.9255E-001  1.9455E-001  1.9655E-001
  1.9856E-001  2.0058E-001  2.0260E-001  2.0464E-001  2.0667E-001  2.0872E-001
  2.1077E-001  2.1282E-001  2.1489E-001  2.1696E-001  2.1903E-001  2.2111E-001
  2.2320E-001  2.2529E-001  2.2739E-001  2.2949E-001  2.3160E-001  2.3371E-001
  2.3583E-001  2.3795E-001  2.4008E-001  2.4221E-001  2.4435E-001  2.4649E-001
  2.4864E-001  2.5079E-001  2.5295E-001  2.5510E-001  2.5727E-001  2.5944E-001
  2.6161E-001  2.6378E-001  2.6596E-001  2.6814E-001  2.7033E-001  2.7251E-001
  2.7471E-001  2.7690E-001  2.7910E-001  2.8130E-001  2.8350E-001  2.8571E-001
  2.8791E-001  2.9012E-001  2.9234E-001  2.9455E-001  2.9677E-001  2.9899E-001
  3.0121E-001  3.0343E-001  3.0565E-001  3.0788E-001  3.1010E-001  3.1233E-001
  3.1456E-001  3.1679E-001  3.1902E-001  3.2125E-001  3.2349E-001  3.2572E-001
  3.2795E-001  3.3019E-001  3.3242E-001  3.3465E-001  3.3689E-001  3.3912E-001
  3.4136E-001  3.4359E-001  3.4582E-001  3.4806E-001  3.5029E-001  3.5252E-001
  3.5475E-001  3.5698E-001  3.5921E-001  3.6144E-001  3.6367E-001  3.6589E-001
  3.6812E-001  3.7034E-001  3.7256E-001  3.7478E-001  3.7699E-001  3.7921E-001
  3.8142E-001  3.8363E-001  3.8584E-001  3.8805E-001  3.9025E-001  3.9246E-001
  3.9465E-001  3.9685E-001  3.9904E-001  4.0123E-001  4.0342E-001  4.0561E-001
  4.0779E-001  4.0996E-001  4.1214E-001  4.1431E-001  4.1648E-001  4.1864E-001
  4.2080E-001  4.2296E-001  4.2511E-001  4.2726E-001  4.2940E-001  4.3154E-001
  4.3367E-001  4.3580E-001  4.3793E-001  4.4005E-001  4.4217E-001  4.4428E-001
  4.4639E-001  4.4849E-001  4.5059E-001  4.5268E-001  4.5476E-001  4.5685E-001
  4.5892E-001  4.6099E-001  4.6306E-001  4.6512E-001  4.6717E-001  4.6922E-001
  4.7126E-001  4.7330E-001  4.7533E-001  4.7735E-001  4.7937E-001  4.8138E-001
  4.8339E-001  4.8538E-001  4.8738E-001  4.8936E-001  4.9134E-001  4.9331E-001
  4.9528E-001  4.9724E-001  4.9919E-001  5.0114E-001  5.0307E-001  5.0501E-001
  5.0693E-001  5.0885E-001  5.1076E-001  5.1266E-001  5.1455E-001  5.1644E-001
  5.1832E-001  5.2019E-001  5.2205E-001  5.2391E-001  5.2576E-001  5.2760E-001
  5.2943E-001  5.3126E-001  5.3307E-001  5.3488E-001  5.3668E-001  5.3847E-001
  5.4026E-001  5.4203E-001  5.4380E-001  5.4556E-001  5.4731E-001  5.4905E-001
  5.5078E-001  5.5251E-001  5.5422E-001  5.5593E-001  5.5763E-001  5.5932E-001
  5.6100E-001  5.6267E-001  5.6433E-001  5.6599E-001  5.6763E-001  5.6927E-001
  5.7089E-001  5.7251E-001  5.7412E-001  5.7572E-001  5.7731E-001  5.7889E-001
  5.8046E-001  5.8202E-001  5.8357E-001  5.8511E-001  5.8665E-001  5.8817E-001
  5.8969E-001  5.9119E-001  5.9268E-001  5.9417E-001  5.9565E-001  5.9711E-001
  5.9857E-001  6.0001E-001  6.0145E-001  6.0288E-001  6.0429E-001  6.0570E-001
  6.0710E-001  6.0848E-001  6.0986E-001  6.1123E-001  6.1258E-001  6.1393E-001
  6.1527E-001  6.1660E-001  6.1791E-001  6.1922E-001  6.2052E-001  6.2180E-001
  6.2308E-001  6.2435E-001  6.2560E-001  6.2685E-001  6.2808E-001  6.2931E-001
  6.3053E-001  6.3173E-001  6.3293E-001  6.3411E-001  6.3529E-001  6.3645E-001
  6.3760E-001  6.3875E-001  6.3988E-001  6.4100E-001  6.4212E-001  6.4322E-001
  6.4431E-001  6.4540E-001  6.4647E-001  6.4753E-001  6.4858E-001  6.4962E-001
  6.5065E-001  6.5167E-001  6.5268E-001  6.5368E-001  6.5467E-001  6.5565E-001
  6.5662E-001  6.5758E-001  6.5853E-001  6.5947E-001  6.6040E-001  6.6132E-001
  6.6222E-001  6.6312E-001  6.6401E-001  6.6489E-001  6.6575E-001  6.6661E-001
  6.6746E-001  6.6829E-001  6.6912E-001  6.6994E-001  6.7075E-001  6.7154E-001
  6.7233E-001  6.7311E-001  6.7387E-001  6.7463E-001  6.7538E-001  6.7611E-001
  6.7684E-001  6.7756E-001  6.7826E-001  6.7896E-001  6.7965E-001  6.8033E-001
  6.8100E-001  6.8166E-001  6.8230E-001  6.8294E-001  6.8357E-001  6.8419E-001
  6.8480E-001  6.8540E-001  6.8600E-001  6.8658E-001  6.8715E-001  6.8771E-001
  6.8827E-001  6.8881E-001  6.8935E-001  6.8987E-001  6.9039E-001  6.9090E-001
  6.9140E-001  6.9189E-001  6.9237E-001  6.9284E-001  6.9330E-001  6.9375E-001
  6.9420E-001  6.9463E-001  6.9506E-001  6.9548E-001  6.9589E-001  6.9629E-001
  6.9668E-001  6.9707E-001  6.9744E-001  6.9781E-001  6.9817E-001  6.9852E-001
  6.9886E-001  6.9920E-001  6.9952E-001  6.9984E-001  7.0015E-001  7.0045E-001
  7.0074E-001  7.0103E-001  7.0131E-001  7.0158E-001  7.0184E-001  7.0210E-001
  7.0234E-001  7.0258E-001  7.0282E-001  7.0304E-001  7.0326E-001  7.0347E-001
  7.0368E-001  7.0387E-001  7.0406E-001  7.0425E-001  7.0442E-001  7.0459E-001
  7.0475E-001  7.0491E-001  7.0506E-001  7.0520E-001  7.0534E-001  7.0547E-001
  7.0560E-001  7.0572E-001  7.0583E-001  7.0594E-001  7.0604E-001  7.0613E-001
  7.0622E-001  7.0631E-001  7.0639E-001  7.0646E-001  7.0653E-001  7.0659E-001
  7.0665E-001  7.0671E-001  7.0676E-001  7.0680E-001  7.0685E-001  7.0688E-001
  7.0692E-001  7.0695E-001  7.0697E-001  7.0699E-001  7.0701E-001  7.0703E-001
  7.0704E-001  7.0705E-001  7.0706E-001  7.0706E-001  7.0706E-001  7.0707E-001
  7.0707E-001
 600          vn  
  0.0000E+000  3.7584E-005  1.5034E-004  3.3825E-004  6.0133E-004  9.3958E-004
  1.3530E-003  1.8415E-003  2.4052E-003  3.0441E-003  3.7581E-003  4.5472E-003
  5.4114E-003  6.3508E-003  7.3653E-003  8.4548E-003  9.6195E-003  1.0859E-002
  1.2174E-002  1.3564E-002  1.5029E-002  1.6569E-002  1.8183E-002  1.9873E-002
  2.1638E-002  2.3478E-002  2.5393E-002  2.7382E-002  2.9447E-002  3.1586E-002
  3.3801E-002  3.6090E-002  3.8454E-002  4.0893E-002  4.3406E-002  4.5995E-002
  4.8658E-002  5.1395E-002  5.4208E-002  5.7095E-002  6.0057E-002  6.3093E-002
  6.6204E-002  6.9389E-002  7.2649E-002  7.5984E-002  7.9393E-002  8.2876E-002
  8.6434E-002  9.0066E-002  9.3772E-002  9.7553E-002  1.0141E-001  1.0534E-001
  1.0934E-001  1.1342E-001  1.1757E-001  1.2180E-001  1.2610E-001  1.3047E-001
  1.3492E-001  1.3944E-001  1.4404E-001  1.4871E-001  1.5345E-001  1.5827E-001
  1.6316E-001  1.6812E-001  1.7316E-001  1.7827E-001  1.8346E-001  1.8872E-001
  1.9405E-001  1.9946E-001  2.0494E-001  2.1049E-001  2.1612E-001  2.2182E-001
  2.2759E-001  2.3344E-001  2.3936E-001  2.4535E-001  2.5142E-001  2.5756E-001
  2.6377E-001  2.7006E-001  2.7641E-001  2.8285E-001  2.8935E-001  2.9593E-001
  3.0258E-001  3.0930E-001  3.1610E-001  3.2296E-001  3.2990E-001  3.3692E-001
  3.4400E-001  3.5116E-001  3.5839E-001  3.6570E-001  3.7308E-001  3.8052E-001
  3.8804E-001  3.9564E-001  4.0330E-001  4.1104E-001  4.1885E-001  4.2673E-001
  4.3469E-001  4.4272E-001  4.5081E-001  4.5899E-001  4.6723E-001  4.7554E-001
  4.8393E-001  4.9239E-001  5.0092E-001  5.0952E-001  5.1820E-001  5.2694E-001
  5.3576E-001  5.4465E-001  5.5361E-001  5.6265E-001  5.7175E-001  5.8093E-001
  5.9018E-001  5.9950E-001  6.0889E-001  6.1835E-001  6.2789E-001  6.3749E-001
  6.4717E-001  6.5692E-001  6.6674E-001  6.7664E-001  6.8660E-001  6.9664E-001
  7.0674E-001  7.1692E-001  7.2717E-001  7.3749E-001  7.4789E-001  7.5835E-001
  7.6889E-001  7.7949E-001  7.9017E-001  8.0092E-001  8.1175E-001  8.2264E-001
  8.3361E-001  8.4464E-001  8.5575E-001  8.6693E-001  8.7818E-001  8.8950E-001
  9.0090E-001  9.1236E-001  9.2390E-001  9.3551E-001  9.4719E-001  9.5895E-001
  9.7077E-001  9.8267E-001  9.9464E-001  1.0067E+000  1.0188E+000  1.0310E+000
  1.0432E+000  1.0556E+000  1.0680E+000  1.0804E+000  1.0930E+000  1.1056E+000
  1.1183E+000  1.1310E+000  1.1439E+000  1.1568E+000  1.1698E+000  1.1828E+000
  1.1959E+000  1.2091E+000  1.2224E+000  1.2357E+000  1.2492E+000  1.2627E+000
  1.2762E+000  1.2899E+000  1.3036E+000  1.3173E+000  1.3312E+000  1.3451E+000
  1.3591E+000  1.3732E+000  1.3874E+000  1.4016E+000  1.4159E+000  1.4303E+000
  1.4447E+000  1.4592E+000  1.4738E+000  1.4885E+000  1.5033E+000  1.5181E+000
  1.5330E+000  1.5480E+000  1.5630E+000  1.5781E+000  1.5933E+000  1.6086E+000
  1.6240E+000  1.6394E+000  1.6549E+000  1.6705E+000  1.6862E+000  1.7019E+000
  1.7177E+000  1.7336E+000  1.7496E+000  1.7656E+000  1.7818E+000  1.7980E+000
  1.8143E+000  1.8306E+000  1.8471E+000  1.8636E+000  1.8802E+000  1.8969E+000
  1.9137E+000  1.9305E+000  1.9474E+000  1.9645E+000  1.9815E+000  1.9987E+000
  2.0160E+000  2.0333E+000  2.0507E+000  2.0682E+000  2.0858E+000  2.1035E+000
  2.1212E+000  2.1391E+000  2.1570E+000  2.1750E+000  2.1931E+000  2.2113E+000
  2.2295E+000  2.2479E+000  2.2663E+000  2.2848E+000  2.3035E+000  2.3222E+000
  2.3409E+000  2.3598E+000  2.3788E+000  2.3978E+000  2.4170E+000  2.4362E+000
  2.4556E+000  2.4750E+000  2.4945E+000  2.5141E+000  2.5338E+000  2.5536E+000
  2.5735E+000  2.5934E+000  2.6135E+000  2.6337E+000  2.6539E+000  2.6743E+000
  2.6948E+000  2.7153E+000  2.7360E+000  2.7567E+000  2.7776E+000  2.7985E+000
  2.8196E+000  2.8407E+000  2.8620E+000  2.8834E+000  2.9048E+000  2.9264E+000
  2.9481E+000  2.9698E+000  2.9917E+000  3.0137E+000  3.0358E+000  3.0580E+000
  3.0803E+000  3.1027E+000  3.1253E+000  3.1479E+000  3.1707E+000  3.1936E+000
  3.2165E+000  3.2396E+000  3.2629E+000  3.2862E+000  3.3096E+000  3.3332E+000
  3.3569E+000  3.3807E+000  3.4046E+000  3.4287E+000  3.4529E+000  3.4771E+000
  3.5016E+000  3.5261E+000  3.5508E+000  3.5756E+000  3.6005E+000  3.6256E+000
  3.6508E+000  3.6761E+000  3.7016E+000  3.7272E+000  3.7529E+000  3.7788E+000
  3.8048E+000  3.8309E+000  3.8572E+000  3.8836E+000  3.9102E+000  3.9369E+000
  3.9638E+000  3.9908E+000  4.0180E+000  4.0453E+000  4.0727E+000  4.1004E+000
  4.1281E+000  4.1561E+000  4.1842E+000  4.2124E+000  4.2408E+000  4.2694E+000
  4.2981E+000  4.3270E+000  4.3561E+000  4.3853E+000  4.4147E+000  4.4443E+000
  4.4741E+000  4.5040E+000  4.5341E+000  4.5644E+000  4.5949E+000  4.6256E+000
  4.6564E+000  4.6875E+000  4.7187E+000  4.7501E+000  4.7817E+000  4.8136E+000
  4.8456E+000  4.8778E+000  4.9102E+000  4.9428E+000  4.9757E+000  5.0087E+000
  5.0420E+000  5.0755E+000  5.1092E+000  5.1431E+000  5.1772E+000  5.2116E+000
  5.2462E+000  5.2810E+000  5.3161E+000  5.3514E+000  5.3870E+000  5.4228E+000
  5.4588E+000  5.4951E+000  5.5317E+000  5.5685E+000  5.6055E+000  5.6429E+000
  5.6805E+000  5.7183E+000  5.7565E+000  5.7949E+000  5.8336E+000  5.8726E+000
  5.9119E+000  5.9515E+000  5.9914E+000  6.0315E+000  6.0720E+000  6.1128E+000
  6.1539E+000  6.1953E+000  6.2371E+000  6.2792E+000  6.3216E+000  6.3643E+000
  6.4074E+000  6.4509E+000  6.4947E+000  6.5388E+000  6.5833E+000  6.6282E+000
  6.6735E+000  6.7191E+000  6.7652E+000  6.8116E+000  6.8584E+000  6.9056E+000
  6.9532E+000  7.0013E+000  7.0498E+000  7.0986E+000  7.1480E+000  7.1978E+000
  7.2480E+000  7.2987E+000  7.3498E+000  7.4015E+000  7.4536E+000  7.5062E+000
  7.5593E+000  7.6129E+000  7.6670E+000  7.7216E+000  7.7768E+000  7.8325E+000
  7.8888E+000  7.9456E+000  8.0030E+000  8.0609E+000  8.1195E+000  8.1787E+000
  8.2384E+000  8.2988E+000  8.3598E+000  8.4215E+000  8.4838E+000  8.5468E+000
  8.6105E+000  8.6749E+000  8.7400E+000  8.8058E+000  8.8723E+000  8.9396E+000
  9.0076E+000  9.0765E+000  9.1461E+000  9.2165E+000  9.2877E+000  9.3598E+000
  9.4328E+000  9.5066E+000  9.5813E+000  9.6570E+000  9.7335E+000  9.8110E+000
  9.8895E+000  9.9690E+000  1.0049E+001  1.0131E+001  1.0214E+001  1.0297E+001
  1.0382E+001  1.0468E+001  1.0555E+001  1.0643E+001  1.0732E+001  1.0823E+001
  1.0915E+001  1.1008E+001  1.1103E+001  1.1199E+001  1.1296E+001  1.1394E+001
  1.1495E+001  1.1596E+001  1.1699E+001  1.1804E+001  1.1910E+001  1.2018E+001
  1.2128E+001  1.2239E+001  1.2352E+001  1.2467E+001  1.2583E+001  1.2702E+001
  1.2822E+001  1.2945E+001  1.3070E+001  1.3196E+001  1.3325E+001  1.3456E+001
  1.3590E+001  1.3726E+001  1.3864E+001  1.4005E+001  1.4148E+001  1.4294E+001
  1.4442E+001  1.4594E+001  1.4748E+001  1.4906E+001  1.5066E+001  1.5230E+001
  1.5396E+001  1.5567E+001  1.5740E+001  1.5917E+001  1.6098E+001  1.6283E+001
  1.6472E+001  1.6665E+001  1.6862E+001  1.7063E+001  1.7269E+001  1.7480E+001
  1.7695E+001  1.7916E+001  1.8142E+001  1.8373E+001  1.8610E+001  1.8852E+001
  1.9101E+001  1.9356E+001  1.9618E+001  1.9886E+001  2.0161E+001  2.0444E+001
  2.0735E+001  2.1033E+001  2.1340E+001  2.1656E+001  2.1980E+001  2.2314E+001
  2.2658E+001  2.3013E+001  2.3378E+001  2.3755E+001  2.4144E+001  2.4545E+001
  2.4960E+001  2.5388E+001  2.5831E+001  2.6289E+001  2.6764E+001  2.7255E+001
  2.7765E+001  2.8293E+001  2.8842E+001  2.9412E+001  3.0005E+001  3.0621E+001
  3.1263E+001  3.1932E+001  3.2630E+001  3.3359E+001  3.4120E+001  3.4917E+001
  3.5752E+001  3.6627E+001  3.7545E+001  3.8510E+001  3.9526E+001  4.0597E+001
  4.1726E+001  4.2921E+001  4.4185E+001  4.5525E+001  4.6949E+001  4.8464E+001
  5.0080E+001  5.1808E+001  5.3658E+001  5.5645E+001  5.7785E+001  6.0096E+001
  6.2598E+001  6.5318E+001  6.8286E+001  7.1535E+001  7.5109E+001  7.9058E+001
  8.3447E+001  8.8351E+001  9.3867E+001  1.0012E+002  1.0726E+002  1.1551E+002
  1.2512E+002  1.3649E+002  1.5013E+002  1.6679E+002  1.8763E+002  2.1441E+002
  2.5012E+002  3.0012E+002  3.7511E+002  5.0010E+002  7.5008E+002  1.5000E+003
 600          un  
  3.0000E+000  3.0000E+000  2.9999E+000  2.9999E+000  2.9998E+000  2.9996E+000
  2.9995E+000  2.9993E+000  2.9991E+000  2.9988E+000  2.9985E+000  2.9982E+000
  2.9979E+000  2.9975E+000  2.9971E+000  2.9967E+000  2.9962E+000  2.9958E+000
  2.9952E+000  2.9947E+000  2.9941E+000  2.9935E+000  2.9929E+000  2.9922E+000
  2.9915E+000  2.9908E+000  2.9901E+000  2.9893E+000  2.9885E+000  2.9877E+000
  2.9868E+000  2.9859E+000  2.9850E+000  2.9840E+000  2.9830E+000  2.9820E+000
  2.9810E+000  2.9799E+000  2.9788E+000  2.9777E+000  2.9765E+000  2.9754E+000
  2.9742E+000  2.9729E+000  2.9716E+000  2.9703E+000  2.9690E+000  2.9677E+000
  2.9663E+000  2.9649E+000  2.9634E+000  2.9620E+000  2.9605E+000  2.9589E+000
  2.9574E+000  2.9558E+000  2.9542E+000  2.9526E+000  2.9509E+000  2.9492E+000
  2.9475E+000  2.9457E+000  2.9439E+000  2.9421E+000  2.9403E+000  2.9384E+000
  2.9365E+000  2.9346E+000  2.9327E+000  2.9307E+000  2.9287E+000  2.9267E+000
  2.9246E+000  2.9225E+000  2.9204E+000  2.9183E+000  2.9161E+000  2.9139E+000
  2.9117E+000  2.9095E+000  2.9072E+000  2.9049E+000  2.9026E+000  2.9002E+000
  2.8978E+000  2.8954E+000  2.8930E+000  2.8905E+000  2.8880E+000  2.8855E+000
  2.8830E+000  2.8804E+000  2.8778E+000  2.8752E+000  2.8726E+000  2.8699E+000
  2.8672E+000  2.8645E+000  2.8617E+000  2.8589E+000  2.8561E+000  2.8533E+000
  2.8505E+000  2.8476E+000  2.8447E+000  2.8418E+000  2.8388E+000  2.8358E+000
  2.8328E+000  2.8298E+000  2.8267E+000  2.8236E+000  2.8205E+000  2.8174E+000
  2.8143E+000  2.8111E+000  2.8079E+000  2.8046E+000  2.8014E+000  2.7981E+000
  2.7948E+000  2.7915E+000  2.7881E+000  2.7848E+000  2.7814E+000  2.7779E+000
  2.7745E+000  2.7710E+000  2.7675E+000  2.7640E+000  2.7605E+000  2.7569E+000
  2.7533E+000  2.7497E+000  2.7461E+000  2.7424E+000  2.7387E+000  2.7350E+000
  2.7313E+000  2.7276E+000  2.7238E+000  2.7200E+000  2.7162E+000  2.7123E+000
  2.7085E+000  2.7046E+000  2.7007E+000  2.6967E+000  2.6928E+000  2.6888E+000
  2.6848E+000  2.6808E+000  2.6768E+000  2.6727E+000  2.6686E+000  2.6645E+000
  2.6604E+000  2.6563E+000  2.6521E+000  2.6479E+000  2.6437E+000  2.6395E+000
  2.6352E+000  2.6309E+000  2.6266E+000  2.6223E+000  2.6180E+000  2.6136E+000
  2.6093E+000  2.6049E+000  2.6004E+000  2.5960E+000  2.5916E+000  2.5871E+000
  2.5826E+000  2.5781E+000  2.5735E+000  2.5690E+000  2.5644E+000  2.5598E+000
  2.5552E+000  2.5506E+000  2.5459E+000  2.5412E+000  2.5366E+000  2.5319E+000
  2.5271E+000  2.5224E+000  2.5176E+000  2.5128E+000  2.5080E+000  2.5032E+000
  2.4984E+000  2.4935E+000  2.4886E+000  2.4837E+000  2.4788E+000  2.4739E+000
  2.4690E+000  2.4640E+000  2.4590E+000  2.4540E+000  2.4490E+000  2.4440E+000
  2.4389E+000  2.4339E+000  2.4288E+000  2.4237E+000  2.4185E+000  2.4134E+000
  2.4083E+000  2.4031E+000  2.3979E+000  2.3927E+000  2.3875E+000  2.3822E+000
  2.3770E+000  2.3717E+000  2.3664E+000  2.3611E+000  2.3558E+000  2.3505E+000
  2.3452E+000  2.3398E+000  2.3344E+000  2.3290E+000  2.3236E+000  2.3182E+000
  2.3127E+000  2.3073E+000  2.3018E+000  2.2963E+000  2.2908E+000  2.2853E+000
  2.2798E+000  2.2743E+000  2.2687E+000  2.2631E+000  2.2575E+000  2.2519E+000
  2.2463E+000  2.2407E+000  2.2350E+000  2.2294E+000  2.2237E+000  2.2180E+000
  2.2123E+000  2.2066E+000  2.2009E+000  2.1952E+000  2.1894E+000  2.1836E+000
  2.1779E+000  2.1721E+000  2.1663E+000  2.1604E+000  2.1546E+000  2.1488E+000
  2.1429E+000  2.1370E+000  2.1311E+000  2.1252E+000  2.1193E+000  2.1134E+000
  2.1075E+000  2.1015E+000  2.0956E+000  2.0896E+000  2.0836E+000  2.0776E+000
  2.0716E+000  2.0656E+000  2.0596E+000  2.0535E+000  2.0475E+000  2.0414E+000
  2.0353E+000  2.0293E+000  2.0232E+000  2.0170E+000  2.0109E+000  2.0048E+000
  1.9986E+000  1.9925E+000  1.9863E+000  1.9801E+000  1.9740E+000  1.9678E+000
  1.9616E+000  1.9553E+000  1.9491E+000  1.9429E+000  1.9366E+000  1.9304E+000
  1.9241E+000  1.9178E+000  1.9115E+000  1.9052E+000  1.8989E+000  1.8926E+000
  1.8863E+000  1.8799E+000  1.8736E+000  1.8672E+000  1.8608E+000  1.8545E+000
  1.8481E+000  1.8417E+000  1.8353E+000  1.8289E+000  1.8224E+000  1.8160E+000
  1.8096E+000  1.8031E+000  1.7966E+000  1.7902E+000  1.7837E+000  1.7772E+000
  1.7707E+000  1.7642E+000  1.7577E+000  1.7512E+000  1.7447E+000  1.7381E+000
  1.7316E+000  1.7250E+000  1.7185E+000  1.7119E+000  1.7053E+000  1.6987E+000
  1.6921E+000  1.6855E+000  1.6789E+000  1.6723E+000  1.6657E+000  1.6591E+000
  1.6524E+000  1.6458E+000  1.6391E+000  1.6325E+000  1.6258E+000  1.6191E+000
  1.6124E+000  1.6058E+000  1.5991E+000  1.5924E+000  1.5856E+000  1.5789E+000
  1.5722E+000  1.5655E+000  1.5587E+000  1.5520E+000  1.5453E+000  1.5385E+000
  1.5317E+000  1.5250E+000  1.5182E+000  1.5114E+000  1.5046E+000  1.4978E+000
  1.4910E+000  1.4842E+000  1.4774E+000  1.4706E+000  1.4638E+000  1.4570E+000
  1.4501E+000  1.4433E+000  1.4365E+000  1.4296E+000  1.4228E+000  1.4159E+000
  1.4090E+000  1.4022E+000  1.3953E+000  1.3884E+000  1.3815E+000  1.3747E+000
  1.3678E+000  1.3609E+000  1.3540E+000  1.3471E+000  1.3401E+000  1.3332E+000
  1.3263E+000  1.3194E+000  1.3125E+000  1.3055E+000  1.2986E+000  1.2916E+000
  1.2847E+000  1.2778E+000  1.2708E+000  1.2639E+000  1.2569E+000  1.2499E+000
  1.2430E+000  1.2360E+000  1.2290E+000  1.2220E+000  1.2151E+000  1.2081E+000
  1.2011E+000  1.1941E+000  1.1871E+000  1.1801E+000  1.1731E+000  1.1661E+000
  1.1591E+000  1.1521E+000  1.1451E+000  1.1381E+000  1.1311E+000  1.1241E+000
  1.1171E+000  1.1100E+000  1.1030E+000  1.0960E+000  1.0890E+000  1.0820E+000
  1.0749E+000  1.0679E+000  1.0609E+000  1.0538E+000  1.0468E+000  1.0398E+000
  1.0327E+000  1.0257E+000  1.0187E+000  1.0116E+000  1.0046E+000  9.9755E-001
  9.9051E-001  9.8347E-001  9.7643E-001  9.6939E-001  9.6235E-001  9.5532E-001
  9.4828E-001  9.4124E-001  9.3420E-001  9.2716E-001  9.2012E-001  9.1309E-001
  9.0605E-001  8.9902E-001  8.9198E-001  8.8495E-001  8.7792E-001  8.7089E-001
  8.6386E-001  8.5684E-001  8.4981E-001  8.4279E-001  8.3577E-001  8.2875E-001
  8.2173E-001  8.1472E-001  8.0771E-001  8.0070E-001  7.9370E-001  7.8670E-001
  7.7970E-001  7.7270E-001  7.6571E-001  7.5872E-001  7.5174E-001  7.4476E-001
  7.3778E-001  7.3081E-001  7.2384E-001  7.1688E-001  7.0992E-001  7.0297E-001
  6.9602E-001  6.8908E-001  6.8214E-001  6.7521E-001  6.6828E-001  6.6136E-001
  6.5445E-001  6.4755E-001  6.4065E-001  6.3375E-001  6.2687E-001  6.1999E-001
  6.1312E-001  6.0625E-001  5.9940E-001  5.9255E-001  5.8571E-001  5.7888E-001
  5.7206E-001  5.6525E-001  5.5845E-001  5.5166E-001  5.4487E-001  5.3810E-001
  5.3134E-001  5.2459E-001  5.1785E-001  5.1112E-001  5.0440E-001  4.9770E-001
  4.9100E-001  4.8432E-001  4.7765E-001  4.7100E-001  4.6436E-001  4.5773E-001
  4.5111E-001  4.4451E-001  4.3793E-001  4.3136E-001  4.2481E-001  4.1827E-001
  4.1174E-001  4.0524E-001  3.9875E-001  3.9228E-001  3.8582E-001  3.7939E-001
  3.7297E-001  3.6657E-001  3.6020E-001  3.5384E-001  3.4750E-001  3.4118E-001
  3.3489E-001  3.2861E-001  3.2236E-001  3.1613E-001  3.0993E-001  3.0375E-001
  2.9759E-001  2.9146E-001  2.8535E-001  2.7927E-001  2.7322E-001  2.6719E-001
  2.6120E-001  2.5523E-001  2.4929E-001  2.4338E-001  2.3750E-001  2.3166E-001
  2.2584E-001  2.2006E-001  2.1431E-001  2.0860E-001  2.0293E-001  1.9729E-001
  1.9168E-001  1.8612E-001  1.8059E-001  1.7511E-001  1.6966E-001  1.6426E-001
  1.5890E-001  1.5359E-001  1.4832E-001  1.4310E-001  1.3792E-001  1.3280E-001
  1.2772E-001  1.2270E-001  1.1773E-001  1.1282E-001  1.0796E-001  1.0316E-001
  9.8421E-002  9.3742E-002  8.9127E-002  8.4577E-002  8.0094E-002  7.5681E-002
  7.1339E-002  6.7072E-002  6.2881E-002  5.8769E-002  5.4740E-002  5.0795E-002
  4.6940E-002  4.3176E-002  3.9508E-002  3.5940E-002  3.2477E-002  2.9123E-002
  2.5884E-002  2.2766E-002  1.9776E-002  1.6921E-002  1.4211E-002  1.1657E-002
  9.2705E-003  7.0676E-003  5.0680E-003  3.2989E-003  1.7996E-003  6.3761E-004
 599          sl2 
  4.8268E+000  4.2247E+000  3.8725E+000  3.6226E+000  3.4288E+000  3.2704E+000
  3.1365E+000  3.0204E+000  2.9181E+000  2.8265E+000  2.7437E+000  2.6680E+000
  2.5984E+000  2.5340E+000  2.4740E+000  2.4178E+000  2.3651E+000  2.3153E+000
  2.2683E+000  2.2236E+000  2.1811E+000  2.1406E+000  2.1019E+000  2.0648E+000
  2.0292E+000  1.9950E+000  1.9621E+000  1.9303E+000  1.8997E+000  1.8701E+000
  1.8414E+000  1.8137E+000  1.7868E+000  1.7607E+000  1.7353E+000  1.7106E+000
  1.6867E+000  1.6633E+000  1.6405E+000  1.6183E+000  1.5966E+000  1.5755E+000
  1.5548E+000  1.5346E+000  1.5149E+000  1.4955E+000  1.4766E+000  1.4581E+000
  1.4399E+000  1.4221E+000  1.4046E+000  1.3875E+000  1.3706E+000  1.3541E+000
  1.3379E+000  1.3219E+000  1.3062E+000  1.2908E+000  1.2757E+000  1.2608E+000
  1.2461E+000  1.2316E+000  1.2174E+000  1.2034E+000  1.1896E+000  1.1759E+000
  1.1625E+000  1.1493E+000  1.1362E+000  1.1234E+000  1.1107E+000  1.0981E+000
  1.0858E+000  1.0736E+000  1.0615E+000  1.0496E+000  1.0378E+000  1.0262E+000
  1.0147E+000  1.0034E+000  9.9214E-001  9.8105E-001  9.7007E-001  9.5922E-001
  9.4849E-001  9.3787E-001  9.2737E-001  9.1697E-001  9.0668E-001  8.9650E-001
  8.8642E-001  8.7643E-001  8.6655E-001  8.5675E-001  8.4706E-001  8.3745E-001
  8.2793E-001  8.1850E-001  8.0915E-001  7.9989E-001  7.9071E-001  7.8161E-001
  7.7258E-001  7.6364E-001  7.5476E-001  7.4596E-001  7.3724E-001  7.2858E-001
  7.1999E-001  7.1147E-001  7.0302E-001  6.9463E-001  6.8631E-001  6.7805E-001
  6.6985E-001  6.6171E-001  6.5363E-001  6.4561E-001  6.3764E-001  6.2973E-001
  6.2188E-001  6.1407E-001  6.0633E-001  5.9863E-001  5.9099E-001  5.8339E-001
  5.7585E-001  5.6835E-001  5.6090E-001  5.5350E-001  5.4614E-001  5.3883E-001
  5.3156E-001  5.2434E-001  5.1716E-001  5.1002E-001  5.0293E-001  4.9587E-001
  4.8886E-001  4.8188E-001  4.7494E-001  4.6804E-001  4.6118E-001  4.5436E-001
  4.4757E-001  4.4082E-001  4.3410E-001  4.2742E-001  4.2078E-001  4.1416E-001
  4.0758E-001  4.0103E-001  3.9452E-001  3.8803E-001  3.8158E-001  3.7516E-001
  3.6876E-001  3.6240E-001  3.5607E-001  3.4976E-001  3.4349E-001  3.3724E-001
  3.3102E-001  3.2483E-001  3.1866E-001  3.1252E-001  3.0641E-001  3.0032E-001
  2.9425E-001  2.8822E-001  2.8220E-001  2.7621E-001  2.7025E-001  2.6430E-001
  2.5839E-001  2.5249E-001  2.4662E-001  2.4076E-001  2.3493E-001  2.2912E-001
  2.2334E-001  2.1757E-001  2.1183E-001  2.0610E-001  2.0039E-001  1.9471E-001
  1.8904E-001  1.8340E-001  1.7777E-001  1.7216E-001  1.6657E-001  1.6100E-001
  1.5544E-001  1.4990E-001  1.4438E-001  1.3888E-001  1.3340E-001  1.2793E-001
  1.2247E-001  1.1704E-001  1.1162E-001  1.0621E-001  1.0082E-001  9.5450E-002
  9.0092E-002  8.4748E-002  7.9419E-002  7.4105E-002  6.8805E-002  6.3519E-002
  5.8247E-002  5.2989E-002  4.7744E-002  4.2513E-002  3.7294E-002  3.2089E-002
  2.6896E-002  2.1717E-002  1.6549E-002  1.1394E-002  6.2505E-003  1.1192E-003
 -4.0004E-003 -9.1084E-003 -1.4205E-002 -1.9290E-002 -2.4365E-002 -2.9428E-002
 -3.4481E-002 -3.9523E-002 -4.4554E-002 -4.9576E-002 -5.4587E-002 -5.9588E-002
 -6.4579E-002 -6.9561E-002 -7.4533E-002 -7.9496E-002 -8.4449E-002 -8.9393E-002
 -9.4328E-002 -9.9255E-002 -1.0417E-001 -1.0908E-001 -1.1398E-001 -1.1887E-001
 -1.2376E-001 -1.2863E-001 -1.3350E-001 -1.3836E-001 -1.4322E-001 -1.4806E-001
 -1.5290E-001 -1.5773E-001 -1.6255E-001 -1.6737E-001 -1.7218E-001 -1.7698E-001
 -1.8177E-001 -1.8656E-001 -1.9135E-001 -1.9612E-001 -2.0089E-001 -2.0565E-001
 -2.1041E-001 -2.1516E-001 -2.1991E-001 -2.2465E-001 -2.2938E-001 -2.3411E-001
 -2.3884E-001 -2.4356E-001 -2.4827E-001 -2.5298E-001 -2.5768E-001 -2.6238E-001
 -2.6707E-001 -2.7176E-001 -2.7644E-001 -2.8112E-001 -2.8580E-001 -2.9047E-001
 -2.9514E-001 -2.9980E-001 -3.0446E-001 -3.0911E-001 -3.1377E-001 -3.1841E-001
 -3.2306E-001 -3.2770E-001 -3.3233E-001 -3.3697E-001 -3.4160E-001 -3.4623E-001
 -3.5085E-001 -3.5547E-001 -3.6009E-001 -3.6471E-001 -3.6932E-001 -3.7393E-001
 -3.7854E-001 -3.8314E-001 -3.8775E-001 -3.9235E-001 -3.9695E-001 -4.0155E-001
 -4.0614E-001 -4.1073E-001 -4.1532E-001 -4.1991E-001 -4.2450E-001 -4.2909E-001
 -4.3367E-001 -4.3826E-001 -4.4284E-001 -4.4742E-001 -4.5200E-001 -4.5658E-001
 -4.6116E-001 -4.6574E-001 -4.7032E-001 -4.7489E-001 -4.7947E-001 -4.8404E-001
 -4.8862E-001 -4.9319E-001 -4.9777E-001 -5.0234E-001 -5.0692E-001 -5.1149E-001
 -5.1606E-001 -5.2064E-001 -5.2521E-001 -5.2979E-001 -5.3436E-001 -5.3894E-001
 -5.4352E-001 -5.4810E-001 -5.5267E-001 -5.5725E-001 -5.6183E-001 -5.6642E-001
 -5.7100E-001 -5.7558E-001 -5.8017E-001 -5.8475E-001 -5.8934E-001 -5.9393E-001
 -5.9852E-001 -6.0312E-001 -6.0771E-001 -6.1231E-001 -6.1691E-001 -6.2151E-001
 -6.2611E-001 -6.3072E-001 -6.3533E-001 -6.3994E-001 -6.4455E-001 -6.4917E-001
 -6.5379E-001 -6.5841E-001 -6.6304E-001 -6.6766E-001 -6.7229E-001 -6.7693E-001
 -6.8157E-001 -6.8621E-001 -6.9085E-001 -6.9550E-001 -7.0015E-001 -7.0481E-001
 -7.0947E-001 -7.1413E-001 -7.1880E-001 -7.2347E-001 -7.2815E-001 -7.3283E-001
 -7.3752E-001 -7.4221E-001 -7.4691E-001 -7.5161E-001 -7.5631E-001 -7.6102E-001
 -7.6574E-001 -7.7046E-001 -7.7518E-001 -7.7992E-001 -7.8465E-001 -7.8940E-001
 -7.9415E-001 -7.9890E-001 -8.0366E-001 -8.0843E-001 -8.1321E-001 -8.1799E-001
 -8.2278E-001 -8.2757E-001 -8.3237E-001 -8.3718E-001 -8.4199E-001 -8.4682E-001
 -8.5165E-001 -8.5648E-001 -8.6133E-001 -8.6618E-001 -8.7104E-001 -8.7591E-001
 -8.8079E-001 -8.8567E-001 -8.9057E-001 -8.9547E-001 -9.0038E-001 -9.0530E-001
 -9.1023E-001 -9.1517E-001 -9.2012E-001 -9.2508E-001 -9.3004E-001 -9.3502E-001
 -9.4001E-001 -9.4501E-001 -9.5002E-001 -9.5503E-001 -9.6006E-001 -9.6510E-001
 -9.7016E-001 -9.7522E-001 -9.8029E-001 -9.8538E-001 -9.9048E-001 -9.9559E-001
 -1.0007E+000 -1.0058E+000 -1.0110E+000 -1.0162E+000 -1.0213E+000 -1.0265E+000
 -1.0317E+000 -1.0369E+000 -1.0422E+000 -1.0474E+000 -1.0527E+000 -1.0579E+000
 -1.0632E+000 -1.0685E+000 -1.0738E+000 -1.0792E+000 -1.0845E+000 -1.0899E+000
 -1.0953E+000 -1.1006E+000 -1.1061E+000 -1.1115E+000 -1.1169E+000 -1.1224E+000
 -1.1279E+000 -1.1334E+000 -1.1389E+000 -1.1445E+000 -1.1500E+000 -1.1556E+000
 -1.1612E+000 -1.1668E+000 -1.1725E+000 -1.1781E+000 -1.1838E+000 -1.1895E+000
 -1.1953E+000 -1.2010E+000 -1.2068E+000 -1.2126E+000 -1.2184E+000 -1.2243E+000
 -1.2301E+000 -1.2360E+000 -1.2419E+000 -1.2479E+000 -1.2539E+000 -1.2599E+000
 -1.2659E+000 -1.2720E+000 -1.2780E+000 -1.2842E+000 -1.2903E+000 -1.2965E+000
 -1.3027E+000 -1.3089E+000 -1.3152E+000 -1.3215E+000 -1.3278E+000 -1.3342E+000
 -1.3406E+000 -1.3471E+000 -1.3536E+000 -1.3601E+000 -1.3666E+000 -1.3732E+000
 -1.3799E+000 -1.3865E+000 -1.3932E+000 -1.4000E+000 -1.4068E+000 -1.4136E+000
 -1.4205E+000 -1.4275E+000 -1.4344E+000 -1.4415E+000 -1.4486E+000 -1.4557E+000
 -1.4629E+000 -1.4701E+000 -1.4774E+000 -1.4847E+000 -1.4921E+000 -1.4996E+000
 -1.5071E+000 -1.5147E+000 -1.5223E+000 -1.5301E+000 -1.5378E+000 -1.5457E+000
 -1.5536E+000 -1.5616E+000 -1.5696E+000 -1.5778E+000 -1.5860E+000 -1.5943E+000
 -1.6026E+000 -1.6111E+000 -1.6196E+000 -1.6283E+000 -1.6370E+000 -1.6458E+000
 -1.6548E+000 -1.6638E+000 -1.6729E+000 -1.6822E+000 -1.6915E+000 -1.7010E+000
 -1.7106E+000 -1.7203E+000 -1.7301E+000 -1.7401E+000 -1.7502E+000 -1.7605E+000
 -1.7709E+000 -1.7814E+000 -1.7922E+000 -1.8030E+000 -1.8141E+000 -1.8254E+000
 -1.8368E+000 -1.8484E+000 -1.8603E+000 -1.8723E+000 -1.8846E+000 -1.8972E+000
 -1.9099E+000 -1.9230E+000 -1.9363E+000 -1.9499E+000 -1.9638E+000 -1.9780E+000
 -1.9926E+000 -2.0075E+000 -2.0229E+000 -2.0386E+000 -2.0548E+000 -2.0714E+000
 -2.0885E+000 -2.1062E+000 -2.1244E+000 -2.1433E+000 -2.1628E+000 -2.1830E+000
 -2.2040E+000 -2.2259E+000 -2.2487E+000 -2.2726E+000 -2.2976E+000 -2.3238E+000
 -2.3515E+000 -2.3808E+000 -2.4118E+000 -2.4450E+000 -2.4805E+000 -2.5188E+000
 -2.5604E+000 -2.6060E+000 -2.6564E+000 -2.7128E+000 -2.7771E+000 -2.8517E+000
 -2.9409E+000 -3.0522E+000 -3.2004E+000 -3.4242E+000 -3.9032E+000
 599          glog
  5.9448E+000  6.2458E+000  6.4219E+000  6.5468E+000  6.6437E+000  6.7228E+000
  6.7898E+000  6.8477E+000  6.8988E+000  6.9445E+000  6.9858E+000  7.0235E+000
  7.0582E+000  7.0903E+000  7.1202E+000  7.1481E+000  7.1743E+000  7.1991E+000
  7.2224E+000  7.2446E+000  7.2656E+000  7.2857E+000  7.3049E+000  7.3232E+000
  7.3408E+000  7.3576E+000  7.3739E+000  7.3895E+000  7.4045E+000  7.4191E+000
  7.4331E+000  7.4467E+000  7.4599E+000  7.4726E+000  7.4850E+000  7.4970E+000
  7.5086E+000  7.5200E+000  7.5310E+000  7.5418E+000  7.5522E+000  7.5624E+000
  7.5724E+000  7.5821E+000  7.5916E+000  7.6008E+000  7.6099E+000  7.6187E+000
  7.6274E+000  7.6358E+000  7.6441E+000  7.6522E+000  7.6601E+000  7.6679E+000
  7.6755E+000  7.6830E+000  7.6903E+000  7.6975E+000  7.7046E+000  7.7115E+000
  7.7183E+000  7.7250E+000  7.7315E+000  7.7380E+000  7.7443E+000  7.7505E+000
  7.7566E+000  7.7626E+000  7.7685E+000  7.7743E+000  7.7801E+000  7.7857E+000
  7.7912E+000  7.7967E+000  7.8020E+000  7.8073E+000  7.8125E+000  7.8176E+000
  7.8226E+000  7.8276E+000  7.8325E+000  7.8373E+000  7.8421E+000  7.8467E+000
  7.8513E+000  7.8559E+000  7.8604E+000  7.8648E+000  7.8691E+000  7.8734E+000
  7.8776E+000  7.8818E+000  7.8859E+000  7.8900E+000  7.8940E+000  7.8979E+000
  7.9018E+000  7.9057E+000  7.9095E+000  7.9132E+000  7.9169E+000  7.9206E+000
  7.9242E+000  7.9277E+000  7.9312E+000  7.9347E+000  7.9381E+000  7.9415E+000
  7.9448E+000  7.9481E+000  7.9513E+000  7.9545E+000  7.9577E+000  7.9608E+000
  7.9639E+000  7.9669E+000  7.9699E+000  7.9729E+000  7.9758E+000  7.9787E+000
  7.9816E+000  7.9844E+000  7.9872E+000  7.9900E+000  7.9927E+000  7.9954E+000
  7.9980E+000  8.0006E+000  8.0032E+000  8.0058E+000  8.0083E+000  8.0108E+000
  8.0133E+000  8.0157E+000  8.0181E+000  8.0205E+000  8.0228E+000  8.0251E+000
  8.0274E+000  8.0297E+000  8.0319E+000  8.0341E+000  8.0363E+000  8.0384E+000
  8.0406E+000  8.0427E+000  8.0447E+000  8.0468E+000  8.0488E+000  8.0508E+000
  8.0528E+000  8.0547E+000  8.0566E+000  8.0585E+000  8.0604E+000  8.0622E+000
  8.0641E+000  8.0659E+000  8.0677E+000  8.0694E+000  8.0712E+000  8.0729E+000
  8.0746E+000  8.0762E+000  8.0779E+000  8.0795E+000  8.0811E+000  8.0827E+000
  8.0843E+000  8.0858E+000  8.0873E+000  8.0888E+000  8.0903E+000  8.0918E+000
  8.0932E+000  8.0947E+000  8.0961E+000  8.0974E+000  8.0988E+000  8.1002E+000
  8.1015E+000  8.1028E+000  8.1041E+000  8.1054E+000  8.1066E+000  8.1079E+000
  8.1091E+000  8.1103E+000  8.1115E+000  8.1127E+000  8.1138E+000  8.1149E+000
  8.1161E+000  8.1172E+000  8.1182E+000  8.1193E+000  8.1204E+000  8.1214E+000
  8.1224E+000  8.1234E+000  8.1244E+000  8.1254E+000  8.1264E+000  8.1273E+000
  8.1282E+000  8.1291E+000  8.1300E+000  8.1309E+000  8.1318E+000  8.1326E+000
  8.1335E+000  8.1343E+000  8.1351E+000  8.1359E+000  8.1367E+000  8.1374E+000
  8.1382E+000  8.1389E+000  8.1396E+000  8.1404E+000  8.1410E+000  8.1417E+000
  8.1424E+000  8.1431E+000  8.1437E+000  8.1443E+000  8.1449E+000  8.1455E+000
  8.1461E+000  8.1467E+000  8.1473E+000  8.1478E+000  8.1484E+000  8.1489E+000
  8.1494E+000  8.1499E+000  8.1504E+000  8.1509E+000  8.1513E+000  8.1518E+000
  8.1522E+000  8.1526E+000  8.1531E+000  8.1535E+000  8.1539E+000  8.1542E+000
  8.1546E+000  8.1550E+000  8.1553E+000  8.1556E+000  8.1560E+000  8.1563E+000
  8.1566E+000  8.1569E+000  8.1572E+000  8.1574E+000  8.1577E+000  8.1579E+000
  8.1582E+000  8.1584E+000  8.1586E+000  8.1588E+000  8.1590E+000  8.1592E+000
  8.1593E+000  8.1595E+000  8.1597E+000  8.1598E+000  8.1599E+000  8.1600E+000
  8.1602E+000  8.1603E+000  8.1603E+000  8.1604E+000  8.1605E+000  8.1606E+000
  8.1606E+000  8.1607E+000  8.1607E+000  8.1607E+000  8.1607E+000  8.1607E+000
  8.1607E+000  8.1607E+000  8.1607E+000  8.1606E+000  8.1606E+000  8.1605E+000
  8.1605E+000  8.1604E+000  8.1603E+000  8.1602E+000  8.1601E+000  8.1600E+000
  8.1599E+000  8.1598E+000  8.1597E+000  8.1595E+000  8.1594E+000  8.1592E+000
  8.1590E+000  8.1588E+000  8.1587E+000  8.1585E+000  8.1583E+000  8.1581E+000
  8.1578E+000  8.1576E+000  8.1574E+000  8.1571E+000  8.1569E+000  8.1566E+000
  8.1563E+000  8.1561E+000  8.1558E+000  8.1555E+000  8.1552E+000  8.1549E+000
  8.1546E+000  8.1542E+000  8.1539E+000  8.1536E+000  8.1532E+000  8.1529E+000
  8.1525E+000  8.1521E+000  8.1517E+000  8.1514E+000  8.1510E+000  8.1506E+000
  8.1502E+000  8.1497E+000  8.1493E+000  8.1489E+000  8.1484E+000  8.1480E+000
  8.1475E+000  8.1471E+000  8.1466E+000  8.1461E+000  8.1457E+000  8.1452E+000
  8.1447E+000  8.1442E+000  8.1437E+000  8.1431E+000  8.1426E+000  8.1421E+000
  8.1416E+000  8.1410E+000  8.1405E+000  8.1399E+000  8.1393E+000  8.1388E+000
  8.1382E+000  8.1376E+000  8.1370E+000  8.1364E+000  8.1358E+000  8.1352E+000
  8.1346E+000  8.1340E+000  8.1333E+000  8.1327E+000  8.1321E+000  8.1314E+000
  8.1307E+000  8.1301E+000  8.1294E+000  8.1287E+000  8.1281E+000  8.1274E+000
  8.1267E+000  8.1260E+000  8.1253E+000  8.1246E+000  8.1238E+000  8.1231E+000
  8.1224E+000  8.1217E+000  8.1209E+000  8.1202E+000  8.1194E+000  8.1187E+000
  8.1179E+000  8.1171E+000  8.1163E+000  8.1156E+000  8.1148E+000  8.1140E+000
  8.1132E+000  8.1124E+000  8.1116E+000  8.1108E+000  8.1099E+000  8.1091E+000
  8.1083E+000  8.1074E+000  8.1066E+000  8.1057E+000  8.1049E+000  8.1040E+000
  8.1032E+000  8.1023E+000  8.1014E+000  8.1005E+000  8.0996E+000  8.0987E+000
  8.0979E+000  8.0969E+000  8.0960E+000  8.0951E+000  8.0942E+000  8.0933E+000
  8.0924E+000  8.0914E+000  8.0905E+000  8.0895E+000  8.0886E+000  8.0876E+000
  8.0867E+000  8.0857E+000  8.0847E+000  8.0838E+000  8.0828E+000  8.0818E+000
  8.0808E+000  8.0798E+000  8.0788E+000  8.0778E+000  8.0768E+000  8.0758E+000
  8.0748E+000  8.0738E+000  8.0727E+000  8.0717E+000  8.0707E+000  8.0696E+000
  8.0686E+000  8.0675E+000  8.0665E+000  8.0654E+000  8.0644E+000  8.0633E+000
  8.0622E+000  8.0611E+000  8.0601E+000  8.0590E+000  8.0579E+000  8.0568E+000
  8.0557E+000  8.0546E+000  8.0535E+000  8.0524E+000  8.0513E+000  8.0501E+000
  8.0490E+000  8.0479E+000  8.0467E+000  8.0456E+000  8.0445E+000  8.0433E+000
  8.0422E+000  8.0410E+000  8.0399E+000  8.0387E+000  8.0375E+000  8.0364E+000
  8.0352E+000  8.0340E+000  8.0328E+000  8.0317E+000  8.0305E+000  8.0293E+000
  8.0281E+000  8.0269E+000  8.0257E+000  8.0245E+000  8.0233E+000  8.0220E+000
  8.0208E+000  8.0196E+000  8.0184E+000  8.0171E+000  8.0159E+000  8.0147E+000
  8.0134E+000  8.0122E+000  8.0109E+000  8.0097E+000  8.0084E+000  8.0072E+000
  8.0059E+000  8.0046E+000  8.0034E+000  8.0021E+000  8.0008E+000  7.9995E+000
  7.9983E+000  7.9970E+000  7.9957E+000  7.9944E+000  7.9931E+000  7.9918E+000
  7.9905E+000  7.9892E+000  7.9879E+000  7.9866E+000  7.9853E+000  7.9839E+000
  7.9826E+000  7.9813E+000  7.9800E+000  7.9786E+000  7.9773E+000  7.9760E+000
  7.9746E+000  7.9733E+000  7.9719E+000  7.9706E+000  7.9693E+000  7.9679E+000
  7.9665E+000  7.9652E+000  7.9638E+000  7.9625E+000  7.9611E+000  7.9597E+000
  7.9584E+000  7.9570E+000  7.9556E+000  7.9542E+000  7.9528E+000  7.9515E+000
  7.9501E+000  7.9487E+000  7.9473E+000  7.9459E+000  7.9445E+000  7.9431E+000
  7.9417E+000  7.9403E+000  7.9389E+000  7.9375E+000  7.9361E+000  7.9347E+000
  7.9333E+000  7.9319E+000  7.9304E+000  7.9290E+000  7.9276E+000  7.9262E+000
  7.9248E+000  7.9233E+000  7.9219E+000  7.9205E+000  7.9190E+000  7.9176E+000
  7.9162E+000  7.9147E+000  7.9133E+000  7.9119E+000  7.9104E+000  7.9090E+000
  7.9076E+000  7.9061E+000  7.9047E+000  7.9032E+000  7.9018E+000  7.9003E+000
  7.8989E+000  7.8974E+000  7.8960E+000  7.8945E+000  7.8931E+000  7.8916E+000
  7.8902E+000  7.8887E+000  7.8872E+000  7.8858E+000  7.8843E+000  7.8829E+000
  7.8814E+000  7.8800E+000  7.8785E+000  7.8770E+000  7.8756E+000  7.8741E+000
  7.8727E+000  7.8712E+000  7.8698E+000  7.8683E+000  7.8668E+000  7.8654E+000
  7.8639E+000  7.8625E+000  7.8610E+000  7.8596E+000  7.8581E+000
