   4.5000000000000000     
     0    8    8    0      1.633E+02
     0    9    9    0      1.921E+02
     0   10   10    0      2.233E+02
     0   11   11    0      2.568E+02
     0   12   12    0      2.927E+02
     0   13   13    0      3.309E+02
     0   14   14    0      3.714E+02
     0   15   15    0      4.142E+02
     0   16   16    0      4.593E+02
     0   17   17    0      5.067E+02
     0   18   18    0      5.565E+02
     0   19   19    0      6.086E+02
     0   20   20    0      6.629E+02
     0   22   22    0      7.786E+02
     0   23   23    0      8.400E+02
     0   24   24    0      9.036E+02
     0   25   25    0      9.696E+02
     0   26   26    0      1.038E+03
     0   27   27    0      1.109E+03
     0   28   28    0      1.182E+03
     0   29   29    0      1.257E+03
     1   -6    2    8      3.396E+01
     1   -6    1    7      3.714E+01
     1   -5    2    7      4.274E+01
     1   -4    2    6      5.270E+01
     1   -3    3    6      5.585E+01
     1   -2    3    5      7.076E+01
     1   -1    4    5      7.555E+01
     1    0    4    4      9.528E+01
     1    1    5    4      1.019E+02
     1    2    5    3      1.236E+02
     1    3    6    3      1.449E+02
     1    4    7    3      1.563E+02
     1    5    7    2      1.863E+02
     1    6    8    2      2.195E+02
     1    7    9    2      2.392E+02
     1    8   10    2      2.642E+02
     1    9   10    1      3.046E+02
     1   10   11    1      3.490E+02
     1   11   12    1      3.959E+02
     1   12   13    1      4.392E+02
     1   13   14    1      4.646E+02
     2  -13    2   15      3.119E+01
     2  -13    1   14      3.479E+01
     2  -11    2   13      3.775E+01
     2  -10    3   13      4.119E+01
     2  -10    2   12      4.639E+01
     2   -9    2   11      5.206E+01
     2   -8    2   10      5.670E+01
     2   -7    3   10      6.351E+01
     2   -6    3    9      7.172E+01
     2   -5    4    9      7.877E+01
     2   -4    4    8      8.905E+01
     2   -3    4    7      9.930E+01
     2   -2    5    7      1.111E+02
     2   -1    5    6      1.247E+02
     2    0    6    6      1.393E+02
     2    1    6    5      1.562E+02
     2    2    7    5      1.746E+02
     2    3    7    4      1.951E+02
     2    4    8    4      2.175E+02
     2    5    9    4      2.424E+02
     2    6    9    3      2.702E+02
     2    7   10    3      2.981E+02
     2    8   11    3      3.304E+02
     2    9   12    3      3.674E+02
     2   10   12    2      4.035E+02
     2   11   13    2      4.398E+02
     2   12   14    2      4.836E+02
     3  -20    1   21      3.169E+01
     3  -19    1   20      3.427E+01
     3  -19    1   20      3.678E+01
     3  -17    1   18      3.966E+01
     3  -15    3   18      4.324E+01
     3  -15    2   17      4.727E+01
     3  -14    2   16      5.117E+01
     3  -13    2   15      5.522E+01
     3  -12    2   14      6.059E+01
     3  -11    3   14      6.667E+01
     3  -10    3   13      7.190E+01
     3   -9    3   12      7.855E+01
     3   -8    4   12      8.732E+01
     3   -7    4   11      9.429E+01
     3   -6    4   10      1.035E+02
     3   -5    5   10      1.154E+02
     3   -4    5    9      1.237E+02
     3   -3    6    9      1.394E+02
     3   -2    6    8      1.501E+02
     3   -1    6    7      1.680E+02
     3    0    7    7      1.820E+02
     3    1    8    7      2.038E+02
     3    2    8    6      2.189E+02
     3    3    9    6      2.480E+02
     3    4    9    5      2.631E+02
     3    5   10    5      2.957E+02
     3    6   10    4      3.243E+02
     3    7   11    4      3.464E+02
     3    8   12    4      3.888E+02
     3    9   12    3      4.254E+02
     3   10   13    3      4.493E+02
     3   11   14    3      4.974E+02
     4  -25    2   27      3.138E+01
     4  -24    2   26      3.355E+01
     4  -24    1   25      3.552E+01
     4  -23    1   24      3.758E+01
     4  -21    2   23      4.031E+01
     4  -21    1   22      4.355E+01
     4  -19    3   22      4.716E+01
     4  -19    2   21      5.073E+01
     4  -18    2   20      5.337E+01
     4  -17    2   19      5.721E+01
     4  -15    3   18      6.239E+01
     4  -15    3   18      6.818E+01
     4  -14    3   17      7.255E+01
     4  -13    3   16      7.683E+01
     4  -12    3   15      8.446E+01
     4  -11    4   15      9.298E+01
     4  -10    4   14      9.737E+01
     4   -9    4   13      1.059E+02
     4   -8    5   13      1.180E+02
     4   -7    5   12      1.240E+02
     4   -6    5   11      1.353E+02
     4   -5    6   11      1.510E+02
     4   -4    6   10      1.568E+02
     4   -3    7   10      1.774E+02
     4   -2    7    9      1.873E+02
     4   -1    7    8      2.075E+02
     4    0    8    8      2.234E+02
     4    1    8    7      2.451E+02
     4    2    9    7      2.633E+02
     4    3    9    6      2.929E+02
     4    4   10    6      3.072E+02
     4    5   11    6      3.494E+02
     4    6   11    5      3.611E+02
     4    7   12    5      4.014E+02
     4    8   13    5      4.437E+02
     4    9   13    4      4.573E+02
     5  -32    1   33      3.050E+01
     5  -31    1   32      3.246E+01
     5  -30    1   31      3.449E+01
     5  -28    2   30      3.622E+01
     5  -27    2   29      3.773E+01
     5  -26    2   28      4.006E+01
     5  -26    1   27      4.286E+01
     5  -26    1   27      4.599E+01
     5  -24    2   26      4.943E+01
     5  -23    2   25      5.293E+01
     5  -22    2   24      5.487E+01
     5  -20    3   23      5.805E+01
     5  -21    2   23      6.269E+01
     5  -19    2   21      6.794E+01
     5  -18    3   21      7.353E+01
     5  -17    3   20      7.612E+01
     5  -16    3   19      8.096E+01
     5  -14    4   18      8.833E+01
     5  -14    4   18      9.655E+01
     5  -13    4   17      1.005E+02
     5  -12    4   16      1.068E+02
     5  -11    4   15      1.177E+02
     5  -10    5   15      1.276E+02
     5   -9    5   14      1.312E+02
     5   -8    5   13      1.454E+02
     5   -7    6   13      1.586E+02
     5   -6    6   12      1.634E+02
     5   -5    6   11      1.833E+02
     5   -4    7   11      1.934E+02
     5   -3    7   10      2.082E+02
     5   -2    8   10      2.304E+02
     5   -1    8    9      2.385E+02
     5    0    9    9      2.705E+02
     5    1    9    8      2.758E+02
     5    2   10    8      3.146E+02
     5    3   10    7      3.216E+02
     5    4   11    7      3.623E+02
     5    5   11    6      3.794E+02
     5    6   12    6      4.130E+02
     5    7   13    6      4.546E+02
     5    8   13    5      4.671E+02
     6  -37    0   37      3.096E+01
     6  -36    1   37      3.275E+01
     6  -35    1   36      3.467E+01
     6  -33    2   35      3.665E+01
     6  -33    1   34      3.799E+01
     6  -31    2   33      3.937E+01
     6  -31    1   32      4.172E+01
     6  -30    1   31      4.438E+01
     6  -29    1   30      4.730E+01
     6  -27    3   30      5.049E+01
     6  -26    3   29      5.393E+01
     6  -26    2   28      5.675E+01
     6  -25    2   27      5.815E+01
     6  -25    2   27      6.214E+01
     6  -23    2   25      6.673E+01
     6  -22    2   24      7.179E+01
     6  -21    3   24      7.726E+01
     6  -20    3   23      7.933E+01
     6  -19    3   22      8.375E+01
     6  -18    3   21      9.058E+01
     6  -17    4   21      9.818E+01
     6  -16    4   20      1.045E+02
     6  -15    4   19      1.070E+02
     6  -14    4   18      1.163E+02
     6  -13    5   18      1.270E+02
     6  -12    5   17      1.334E+02
     6  -10    6   16      1.392E+02
     6  -10    5   15      1.529E+02
     6   -9    6   15      1.652E+02
     6   -8    6   14      1.688E+02
     6   -7    6   13      1.868E+02
     6   -6    7   13      2.004E+02
     6   -5    7   12      2.080E+02
     6   -4    8   12      2.327E+02
     6   -3    8   11      2.390E+02
     6   -2    8   10      2.623E+02
     6   -1    9   10      2.805E+02
     6    0    9    9      2.977E+02
     6    1   10    9      3.254E+02
     6    2   10    8      3.407E+02
     6    3   11    8      3.735E+02
     6    4   11    7      3.937E+02
     6    5   12    7      4.249E+02
     6    6   12    6      4.598E+02
     6    7   13    6      4.795E+02
     7  -42    0   42      3.091E+01
     7  -41    0   41      3.253E+01
     7  -40    1   41      3.426E+01
     7  -38    2   40      3.611E+01
     7  -38    1   39      3.808E+01
     7  -37    1   38      3.961E+01
     7  -35    2   37      4.046E+01
     7  -35    1   36      4.266E+01
     7  -33    2   35      4.514E+01
     7  -32    2   34      4.784E+01
     7  -31    2   33      5.075E+01
     7  -31    2   33      5.390E+01
     7  -29    3   32      5.730E+01
     7  -29    2   31      5.967E+01
     7  -28    2   30      6.114E+01
     7  -26    3   29      6.513E+01
     7  -26    2   28      6.953E+01
     7  -24    3   27      7.434E+01
     7  -24    3   27      7.957E+01
     7  -23    3   26      8.289E+01
     7  -22    3   25      8.541E+01
     7  -20    4   24      9.168E+01
     7  -20    3   23      9.860E+01
     7  -19    4   23      1.062E+02
     7  -18    4   22      1.093E+02
     7  -16    5   21      1.147E+02
     7  -16    4   20      1.239E+02
     7  -15    5   20      1.342E+02
     7  -14    5   19      1.390E+02
     7  -13    5   18      1.457E+02
     7  -12    5   17      1.585E+02
     7  -11    6   17      1.717E+02
     7  -10    6   16      1.730E+02
     7   -9    6   15      1.891E+02
     7   -8    7   15      2.074E+02
     7   -7    7   14      2.082E+02
     7   -5    8   13      2.289E+02
     7   -5    8   13      2.473E+02
     7   -4    8   12      2.535E+02
     7   -3    9   12      2.821E+02
     7   -2    9   11      2.899E+02
     7   -1    9   10      3.159E+02
     7    0   10   10      3.357E+02
     7    1   10    9      3.560E+02
     7    2   11    9      3.848E+02
     7    3   11    8      4.043E+02
     7    4   12    8      4.371E+02
     7    5   12    7      4.630E+02
     7    6   13    7      4.926E+02
     8  -46    1   47      3.055E+01
     8  -46    0   46      3.201E+01
     8  -44    1   45      3.356E+01
     8  -44    1   45      3.521E+01
     8  -42    2   44      3.698E+01
     8  -41    2   43      3.886E+01
     8  -41    1   42      4.084E+01
     8  -40    1   41      4.166E+01
     8  -39    1   40      4.308E+01
     8  -38    1   39      4.537E+01
     8  -37    1   38      4.785E+01
     8  -36    1   37      5.050E+01
     8  -34    2   36      5.336E+01
     8  -33    3   36      5.644E+01
     8  -33    2   35      5.975E+01
     8  -32    2   34      6.259E+01
     8  -31    2   33      6.338E+01
     8  -29    3   32      6.722E+01
     8  -28    3   31      7.140E+01
     8  -27    3   30      7.593E+01
     8  -26    4   30      8.084E+01
     8  -26    3   29      8.614E+01
     8  -25    3   28      8.681E+01
     8  -23    4   27      9.199E+01
     8  -22    4   26      9.831E+01
     8  -22    3   25      1.052E+02
     8  -21    4   25      1.127E+02
     8  -20    4   24      1.141E+02
     8  -19    4   23      1.210E+02
     8  -17    5   22      1.300E+02
     8  -17    5   22      1.398E+02
     8  -16    5   21      1.447E+02
     8  -16    5   21      1.507E+02
     8  -15    5   20      1.627E+02
     8  -12    7   19      1.759E+02
     8  -12    6   18      1.785E+02
     8  -11    6   17      1.907E+02
     8   -9    8   17      2.072E+02
     8   -9    7   16      2.155E+02
     8   -7    8   15      2.258E+02
     8   -7    8   15      2.469E+02
     8   -6    8   14      2.558E+02
     8   -4    9   13      2.710E+02
     8   -4    9   13      2.987E+02
     8   -3    9   12      2.994E+02
     8   -2    9   11      3.308E+02
     8   -1   10   11      3.462E+02
     8    1   11   10      3.683E+02
     8    1   11   10      3.962E+02
     8    2   11    9      4.125E+02
     8    3   12    9      4.494E+02
     8    5   13    8      4.652E+02
     9  -51    0   51      3.130E+01
     9  -49    1   50      3.269E+01
     9  -49    0   49      3.417E+01
     9  -47    1   48      3.575E+01
     9  -46    2   48      3.741E+01
     9  -46    1   47      3.918E+01
     9  -44    2   46      4.107E+01
     9  -44    1   45      4.305E+01
     9  -43    1   44      4.368E+01
     9  -41    2   43      4.522E+01
     9  -41    1   42      4.750E+01
     9  -40    1   41      4.993E+01
     9  -39    1   40      5.253E+01
     9  -38    1   39      5.531E+01
     9  -37    1   38      5.829E+01
     9  -35    3   38      6.148E+01
     9  -36    2   38      6.489E+01
     9  -34    2   36      6.566E+01
     9  -32    3   35      6.859E+01
     9  -32    2   34      7.255E+01
     9  -31    2   33      7.681E+01
     9  -29    3   32      8.141E+01
     9  -28    4   32      8.636E+01
     9  -28    3   31      9.072E+01
     9  -27    3   30      9.173E+01
     9  -25    4   29      9.752E+01
     9  -25    3   28      1.038E+02
     9  -23    4   27      1.106E+02
     9  -23    4   27      1.180E+02
     9  -22    4   26      1.190E+02
     9  -21    4   25      1.260E+02
     9  -19    5   24      1.347E+02
     9  -18    6   24      1.442E+02
     9  -18    5   23      1.505E+02
     9  -18    5   23      1.545E+02
     9  -15    6   21      1.658E+02
     9  -15    6   21      1.782E+02
     9  -14    6   20      1.852E+02
     9  -13    6   19      1.918E+02
     9  -11    7   18      2.068E+02
     9  -11    7   18      2.232E+02
     9  -10    7   17      2.234E+02
     9   -9    7   16      2.419E+02
     9   -8    8   16      2.627E+02
     9   -7    8   15      2.645E+02
     9   -6    8   14      2.862E+02
     9   -5    9   14      3.089E+02
     9   -4    9   13      3.128E+02
     9   -3    9   12      3.434E+02
     9   -2   10   12      3.567E+02
     9    0   11   11      3.785E+02
     9    0   11   11      4.076E+02
     9    2   12   10      4.192E+02
     9    2   12   10      4.619E+02
     9    3   12    9      4.669E+02
    10  -56    0   56      3.047E+01
    10  -54    1   55      3.173E+01
    10  -53    1   54      3.306E+01
    10  -53    0   53      3.447E+01
    10  -51    1   52      3.596E+01
    10  -51    0   51      3.753E+01
    10  -50    1   51      3.919E+01
    10  -48    2   50      4.095E+01
    10  -47    2   49      4.282E+01
    10  -46    2   48      4.479E+01
    10  -46    1   47      4.579E+01
    10  -45    1   46      4.690E+01
    10  -43    2   45      4.913E+01
    10  -43    1   44      5.150E+01
    10  -42    1   43      5.402E+01
    10  -41    1   42      5.671E+01
    10  -39    2   41      5.958E+01
    10  -38    3   41      6.264E+01
    10  -38    2   40      6.591E+01
    10  -37    2   39      6.875E+01
    10  -35    3   38      6.941E+01
    10  -35    2   37      7.315E+01
    10  -34    2   36      7.716E+01
    10  -32    3   35      8.147E+01
    10  -32    2   34      8.608E+01
    10  -31    3   34      9.105E+01
    10  -30    3   33      9.476E+01
    10  -29    3   32      9.638E+01
    10  -27    4   31      1.021E+02
    10  -26    4   30      1.083E+02
    10  -26    3   29      1.150E+02
    10  -25    4   29      1.222E+02
    10  -24    4   28      1.239E+02
    10  -22    5   27      1.300E+02
    10  -22    4   26      1.384E+02
    10  -20    5   25      1.475E+02
    10  -20    5   25      1.564E+02
    10  -19    5   24      1.574E+02
    10  -18    5   23      1.681E+02
    10  -16    6   22      1.797E+02
    10  -16    6   22      1.920E+02
    10  -15    6   21      1.924E+02
    10  -14    6   20      2.062E+02
    10  -13    6   19      2.212E+02
    10  -12    7   19      2.309E+02
    10  -10    8   18      2.379E+02
    10   -9    8   17      2.562E+02
    10   -9    8   17      2.731E+02
    10   -8    8   16      2.766E+02
    10   -6    9   15      2.994E+02
    10   -6    9   15      3.185E+02
    10   -5    9   14      3.251E+02
    10   -4    9   13      3.541E+02
    10   -3   10   13      3.672E+02
    10   -1   11   12      3.871E+02
    10   -1   11   12      4.191E+02
    10    1   12   11      4.249E+02
    10    1   12   11      4.684E+02
    10    2   12   10      4.743E+02
    11  -60    0   60      3.072E+01
    11  -58    1   59      3.192E+01
    11  -57    1   58      3.319E+01
    11  -57    0   57      3.452E+01
    11  -56    0   56      3.592E+01
    11  -54    1   55      3.740E+01
    11  -53    1   54      3.896E+01
    11  -53    0   53      4.061E+01
    11  -51    2   53      4.234E+01
    11  -50    2   52      4.418E+01
    11  -49    2   51      4.612E+01
    11  -49    1   50      4.796E+01
    11  -48    1   49      4.818E+01
    11  -46    2   48      5.034E+01
    11  -45    2   47      5.265E+01
    11  -44    2   46      5.509E+01
    11  -43    2   45      5.768E+01
    11  -42    2   44      6.044E+01
    11  -42    1   43      6.337E+01
    11  -41    2   43      6.648E+01
    11  -40    2   42      6.980E+01
    11  -39    2   41      7.189E+01
    11  -38    2   40      7.334E+01
    11  -37    2   39      7.711E+01
    11  -36    2   38      8.114E+01
    11  -35    2   37      8.545E+01
    11  -34    2   36      9.006E+01
    11  -32    4   36      9.499E+01
    11  -32    3   35      9.882E+01
    11  -31    3   34      1.003E+02
    11  -30    3   33      1.059E+02
    11  -28    4   32      1.120E+02
    11  -27    4   31      1.186E+02
    11  -26    5   31      1.256E+02
    11  -26    4   30      1.289E+02
    11  -25    4   29      1.331E+02
    11  -23    5   28      1.413E+02
    11  -23    4   27      1.500E+02
    11  -21    6   27      1.595E+02
    11  -21    5   26      1.623E+02
    11  -19    6   25      1.697E+02
    11  -19    5   24      1.806E+02
    11  -18    6   24      1.925E+02
    11  -17    6   23      1.988E+02
    11  -15    7   22      2.053E+02
    11  -14    7   21      2.192E+02
    11  -13    8   21      2.344E+02
    11  -13    7   20      2.387E+02
    11  -12    7   19      2.509E+02
    11  -10    8   18      2.690E+02
    11  -10    8   18      2.818E+02
    11   -9    8   17      2.890E+02
    11   -7    9   16      3.111E+02
    11   -7    9   16      3.281E+02
    11   -6    9   15      3.358E+02
    11   -6    9   15      3.634E+02
    11   -4   10   14      3.777E+02
    11   -2   11   13      3.945E+02
    11   -2   11   13      4.297E+02
    11   -1   11   12      4.306E+02
    11    1   12   11      4.698E+02
    11    1   12   11      4.867E+02
    12  -63    1   64      3.077E+01
    12  -63    0   63      3.192E+01
    12  -62    0   62      3.312E+01
    12  -61    0   61      3.438E+01
    12  -60    0   60      3.570E+01
    12  -58    1   59      3.710E+01
    12  -57    1   58      3.856E+01
    12  -56    1   57      4.009E+01
    12  -55    1   56      4.171E+01
    12  -54    2   56      4.342E+01
    12  -53    2   55      4.521E+01
    12  -53    1   54      4.711E+01
    12  -52    1   53      4.910E+01
    12  -51    1   52      5.019E+01
    12  -50    1   51      5.121E+01
    12  -49    1   50      5.344E+01
    12  -47    2   49      5.580E+01
    12  -46    2   48      5.829E+01
    12  -46    1   47      6.093E+01
    12  -44    2   46      6.373E+01
    12  -44    1   45      6.670E+01
    12  -42    3   45      6.985E+01
    12  -42    2   44      7.319E+01
    12  -41    2   43      7.506E+01
    12  -39    3   42      7.675E+01
    12  -39    2   41      8.053E+01
    12  -38    2   40      8.456E+01
    12  -36    3   39      8.884E+01
    12  -35    3   38      9.342E+01
    12  -34    4   38      9.830E+01
    12  -34    3   37      1.029E+02
    12  -32    4   36      1.035E+02
    12  -31    4   35      1.091E+02
    12  -31    3   34      1.150E+02
    12  -30    3   33      1.214E+02
    12  -29    4   33      1.283E+02
    12  -28    4   32      1.339E+02
    12  -26    5   31      1.356E+02
    12  -25    5   30      1.434E+02
    12  -25    4   29      1.518E+02
    12  -24    5   29      1.609E+02
    12  -23    5   28      1.682E+02
    12  -22    5   27      1.706E+02
    12  -20    6   26      1.810E+02
    12  -19    6   25      1.922E+02
    12  -18    7   25      2.042E+02
    12  -18    6   24      2.056E+02
    12  -17    6   23      2.172E+02
    12  -16    6   22      2.312E+02
    12  -15    7   22      2.463E+02
    12  -15    7   22      2.463E+02
    12  -12    8   20      2.627E+02
    12  -11    9   20      2.805E+02
    12  -11    8   19      2.904E+02
    12  -10    8   18      3.000E+02
    12   -9    8   17      3.215E+02
    12   -8    9   17      3.377E+02
    12   -7    9   16      3.452E+02
    12   -6    9   15      3.716E+02
    12   -5   10   15      3.882E+02
    12   -3   11   14      4.010E+02
    12   -3   11   14      4.340E+02
    12   -2   11   13      4.420E+02
    12    0   12   12      4.711E+02
    12    0   12   12      4.991E+02
    13  -67    1   68      3.067E+01
    13  -67    0   67      3.176E+01
    13  -65    1   66      3.290E+01
    13  -65    0   65      3.409E+01
    13  -64    0   64      3.534E+01
    13  -63    0   63      3.665E+01
    13  -62    0   62      3.802E+01
    13  -61    0   61      3.946E+01
    13  -59    1   60      4.097E+01
    13  -59    0   59      4.255E+01
    13  -57    1   58      4.422E+01
    13  -56    2   58      4.597E+01
    13  -56    1   57      4.781E+01
    13  -54    2   56      4.975E+01
    13  -54    1   55      5.180E+01
    13  -53    1   54      5.243E+01
    13  -52    1   53      5.395E+01
    13  -51    1   52      5.622E+01
    13  -50    1   51      5.861E+01
    13  -49    1   50      6.114E+01
    13  -47    2   49      6.381E+01
    13  -47    1   48      6.663E+01
    13  -45    2   47      6.962E+01
    13  -45    2   47      7.279E+01
    13  -43    3   46      7.614E+01
    13  -43    2   45      7.825E+01
    13  -42    2   44      7.969E+01
    13  -41    2   43      8.346E+01
    13  -39    3   42      8.746E+01
    13  -38    3   41      9.172E+01
    13  -37    3   40      9.624E+01
    13  -36    4   40      1.011E+02
    13  -35    4   39      1.062E+02
    13  -35    3   38      1.070E+02
    13  -33    4   37      1.116E+02
    13  -32    4   36      1.175E+02
    13  -31    4   35      1.237E+02
    13  -31    3   34      1.303E+02
    13  -29    5   34      1.374E+02
    13  -29    4   33      1.389E+02
    13  -27    5   32      1.450E+02
    13  -26    5   31      1.530E+02
    13  -25    5   30      1.617E+02
    13  -24    6   30      1.710E+02
    13  -24    5   29      1.741E+02
    13  -22    6   28      1.809E+02
    13  -21    6   27      1.915E+02
    13  -20    6   26      2.029E+02
    13  -20    6   26      2.125E+02
    13  -18    7   25      2.150E+02
    13  -17    7   24      2.281E+02
    13  -16    7   23      2.421E+02
    13  -16    7   23      2.541E+02
    13  -14    8   22      2.571E+02
    13  -13    8   21      2.734E+02
    13  -13    8   21      2.909E+02
    13  -12    8   20      2.991E+02
    13  -10    9   19      3.100E+02
    13  -10    8   18      3.309E+02
    13   -9    9   18      3.473E+02
    13   -8    9   17      3.537E+02
    13   -7    9   16      3.789E+02
    13   -6   10   16      3.987E+02
    13   -5   10   15      4.068E+02
    13   -3   11   14      4.378E+02
    13   -3   11   14      4.534E+02
    13   -1   12   13      4.724E+02
    14  -72    0   72      3.044E+01
    14  -70    1   71      3.148E+01
    14  -70    0   70      3.256E+01
    14  -69    0   69      3.368E+01
    14  -67    1   68      3.486E+01
    14  -66    1   67      3.609E+01
    14  -66    0   66      3.738E+01
    14  -65    0   65      3.873E+01
    14  -64    0   64      4.014E+01
    14  -62    1   63      4.162E+01
    14  -61    1   62      4.317E+01
    14  -60    1   61      4.479E+01
    14  -60    0   60      4.650E+01
    14  -58    2   60      4.828E+01
    14  -57    2   59      5.016E+01
    14  -57    1   58      5.213E+01
    14  -55    2   57      5.421E+01
    14  -55    1   56      5.470E+01
    14  -54    1   55      5.639E+01
    14  -52    2   54      5.869E+01
    14  -52    1   53      6.111E+01
    14  -50    2   52      6.365E+01
    14  -49    2   51      6.634E+01
    14  -48    2   50      6.918E+01
    14  -48    1   49      7.217E+01
    14  -47    2   49      7.533E+01
    14  -46    2   48      7.868E+01
    14  -45    2   47      8.145E+01
    14  -44    2   46      8.221E+01
    14  -42    3   45      8.596E+01
    14  -42    2   44      8.992E+01
    14  -41    2   43      9.412E+01
    14  -39    3   42      9.858E+01
    14  -39    3   42      1.033E+02
    14  -37    4   41      1.083E+02
    14  -37    3   40      1.111E+02
    14  -35    4   39      1.137E+02
    14  -35    3   38      1.194E+02
    14  -34    3   37      1.254E+02
    14  -32    4   36      1.318E+02
    14  -32    4   36      1.387E+02
    14  -31    4   35      1.439E+02
    14  -30    4   34      1.460E+02
    14  -28    5   33      1.538E+02
    14  -27    5   32      1.620E+02
    14  -27    4   31      1.709E+02
    14  -26    5   31      1.800E+02
    14  -25    5   30      1.803E+02
    14  -24    5   29      1.904E+02
    14  -22    6   28      2.012E+02
    14  -22    6   28      2.127E+02
    14  -21    6   27      2.193E+02
    14  -20    6   26      2.249E+02
    14  -19    6   25      2.380E+02
    14  -17    7   24      2.521E+02
    14  -17    7   24      2.619E+02
    14  -15    8   23      2.670E+02
    14  -15    7   22      2.831E+02
    14  -13    9   22      3.004E+02
    14  -13    8   21      3.077E+02
    14  -11    9   20      3.191E+02
    14  -10    9   19      3.393E+02
    14  -10    9   19      3.568E+02
    14   -8   10   18      3.613E+02
    14   -8   10   18      3.855E+02
    14   -7   10   17      4.092E+02
    14   -6   10   16      4.120E+02
    14   -5   11   16      4.412E+02
    14   -4   11   15      4.649E+02
    14   -2   12   14      4.737E+02
    15  -77    0   77      3.012E+01
    15  -76    0   76      3.072E+01
    15  -75    0   75      3.110E+01
    15  -73    1   74      3.212E+01
    15  -73    0   73      3.319E+01
    15  -72    0   72      3.430E+01
    15  -71    0   71      3.546E+01
    15  -69    1   70      3.667E+01
    15  -68    1   69      3.793E+01
    15  -67    1   68      3.925E+01
    15  -67    0   67      4.063E+01
    15  -66    0   66      4.208E+01
    15  -65    0   65      4.358E+01
    15  -63    1   64      4.516E+01
    15  -62    1   63      4.682E+01
    15  -61    1   62      4.855E+01
    15  -61    1   62      5.036E+01
    15  -59    2   61      5.227E+01
    15  -59    1   60      5.426E+01
    15  -57    2   59      5.636E+01
    15  -57    1   58      5.698E+01
    15  -55    2   57      5.856E+01
    15  -55    1   56      6.087E+01
    15  -53    2   55      6.331E+01
    15  -53    1   54      6.586E+01
    15  -52    1   53      6.856E+01
    15  -51    1   52      7.139E+01
    15  -50    1   51      7.438E+01
    15  -49    2   51      7.753E+01
    15  -48    2   50      8.085E+01
    15  -46    3   49      8.436E+01
    15  -46    2   48      8.466E+01
    15  -45    2   47      8.807E+01
    15  -43    3   46      9.198E+01
    15  -42    3   45      9.612E+01
    15  -42    2   44      1.005E+02
    15  -41    2   43      1.051E+02
    15  -40    3   43      1.101E+02
    15  -37    3   40      1.208E+02
    15  -35    4   39      1.267E+02
    15  -34    4   38      1.329E+02
    15  -33    4   37      1.395E+02
    15  -32    5   37      1.466E+02
    15  -32    4   36      1.489E+02
    15  -31    5   36      1.540E+02
    15  -29    5   34      1.620E+02
    15  -29    4   33      1.705E+02
    15  -28    5   33      1.795E+02
    15  -27    5   32      1.859E+02
    15  -26    5   31      1.891E+02
    15  -24    6   30      1.993E+02
    15  -24    5   29      2.102E+02
    15  -22    6   28      2.217E+02
    15  -22    6   28      2.261E+02
    15  -21    7   28      2.341E+02
    15  -20    7   27      2.472E+02
    15  -19    7   26      2.612E+02
    15  -18    7   25      2.696E+02
    15  -17    8   25      2.761E+02
    15  -15    8   23      2.920E+02
    15  -15    8   23      3.090E+02
    15  -14    8   22      3.163E+02
    15  -13    9   22      3.273E+02
    15  -11    9   20      3.469E+02
    15  -11    9   20      3.664E+02
    15  -10    9   19      3.682E+02
    15   -8   10   18      3.914E+02
    15   -7   10   17      4.167E+02
    15   -7   10   17      4.197E+02
    15   -5   11   16      4.444E+02
    15   -4   11   15      4.749E+02
    15   -4   11   15      4.762E+02
    16  -79    1   80      3.065E+01
    16  -78    1   79      3.161E+01
    16  -78    0   78      3.192E+01
    16  -76    1   77      3.262E+01
    16  -76    0   76      3.367E+01
    16  -75    0   75      3.476E+01
    16  -74    0   74      3.590E+01
    16  -73    0   73      3.709E+01
    16  -72    0   72      3.832E+01
    16  -71    0   71      3.961E+01
    16  -69    1   70      4.096E+01
    16  -69    0   69      4.237E+01
    16  -67    1   68      4.383E+01
    16  -67    0   67      4.537E+01
    16  -65    1   66      4.697E+01
    16  -64    1   65      4.864E+01
    16  -64    0   64      5.040E+01
    16  -62    2   64      5.223E+01
    16  -62    1   63      5.415E+01
    16  -61    1   62      5.616E+01
    16  -60    1   61      5.827E+01
    16  -59    1   60      5.927E+01
    16  -58    1   59      6.048E+01
    16  -56    2   58      6.280E+01
    16  -55    2   57      6.524E+01
    16  -54    2   56      6.780E+01
    16  -54    1   55      7.048E+01
    16  -52    2   54      7.331E+01
    16  -52    1   53      7.628E+01
    16  -50    2   52      7.941E+01
    16  -49    3   52      8.270E+01
    16  -49    2   51      8.617E+01
    16  -48    2   50      8.788E+01
    16  -47    2   49      8.983E+01
    16  -45    3   48      9.369E+01
    16  -44    3   47      9.776E+01
    16  -43    3   46      1.021E+02
    16  -42    3   45      1.066E+02
    16  -42    3   45      1.114E+02
    16  -40    4   44      1.165E+02
    16  -40    3   43      1.193E+02
    16  -39    3   42      1.219E+02
    16  -38    3   41      1.276E+02
    16  -37    4   41      1.336E+02
    16  -36    3   39      1.400E+02
    16  -34    4   38      1.468E+02
    16  -32    4   36      1.616E+02
    16  -31    5   36      1.697E+02
    16  -30    5   35      1.783E+02
    16  -28    5   33      1.874E+02
    16  -28    5   33      1.918E+02
    16  -26    6   32      1.972E+02
    16  -26    6   32      2.075E+02
    16  -24    6   30      2.184E+02
    16  -23    6   29      2.301E+02
    16  -23    6   29      2.329E+02
    16  -22    7   29      2.424E+02
    16  -21    7   28      2.556E+02
    16  -19    7   26      2.695E+02
    16  -19    7   26      2.773E+02
    16  -18    8   26      2.843E+02
    16  -17    8   25      3.000E+02
    16  -16    8   24      3.168E+02
    16  -15    8   23      3.249E+02
    16  -13    9   22      3.347E+02
    16  -12    9   21      3.539E+02
    16  -12    9   21      3.745E+02
    16  -11    9   20      3.759E+02
    16   -9   10   19      3.968E+02
    16   -8   10   18      4.210E+02
    16   -8   10   18      4.301E+02
    16   -6   11   17      4.474E+02
    16   -6   11   17      4.762E+02
    16   -5   11   16      4.876E+02
    17  -84    0   84      3.013E+01
    17  -82    1   83      3.105E+01
    17  -82    0   82      3.200E+01
    17  -80    1   81      3.299E+01
    17  -80    0   80      3.314E+01
    17  -78    1   79      3.402E+01
    17  -77    1   78      3.510E+01
    17  -76    1   77      3.621E+01
    17  -76    0   76      3.737E+01
    17  -74    1   75      3.858E+01
    17  -74    0   74      3.984E+01
    17  -73    0   73      4.115E+01
    17  -71    1   72      4.251E+01
    17  -70    1   71      4.394E+01
    17  -69    1   70      4.542E+01
    17  -69    0   69      4.697E+01
    17  -67    1   68      4.859E+01
    17  -67    0   67      5.028E+01
    17  -66    0   66      5.205E+01
    17  -65    1   66      5.389E+01
    17  -64    1   65      5.582E+01
    17  -63    1   64      5.784E+01
    17  -62    1   63      5.996E+01
    17  -61    1   62      6.158E+01
    17  -59    2   61      6.217E+01
    17  -58    2   60      6.449E+01
    17  -57    2   59      6.692E+01
    17  -57    1   58      6.947E+01
    17  -55    2   57      7.215E+01
    17  -55    1   56      7.495E+01
    17  -54    1   55      7.790E+01
    17  -53    1   54      8.100E+01
    17  -52    2   54      8.425E+01
    17  -51    2   53      8.768E+01
    17  -50    2   52      9.110E+01
    17  -50    2   52      9.110E+01
    17  -47    3   50      9.508E+01
    17  -46    3   49      9.908E+01
    17  -45    3   48      1.033E+02
    17  -44    3   47      1.077E+02
    17  -44    3   47      1.124E+02
    17  -42    3   45      1.174E+02
    17  -42    3   45      1.226E+02
    17  -41    3   44      1.235E+02
    17  -40    4   44      1.281E+02
    17  -39    4   43      1.340E+02
    17  -37    4   41      1.401E+02
    17  -37    4   41      1.467E+02
    17  -35    4   39      1.536E+02
    17  -35    4   39      1.590E+02
    17  -33    5   38      1.609E+02
    17  -33    5   38      1.687E+02
    17  -32    5   37      1.769E+02
    17  -30    5   35      1.856E+02
    17  -29    5   34      1.949E+02
    17  -29    5   34      1.977E+02
    17  -27    6   33      2.047E+02
    17  -26    6   32      2.150E+02
    17  -26    6   32      2.261E+02
    17  -24    6   30      2.377E+02
    17  -24    6   30      2.397E+02
    17  -22    7   29      2.501E+02
    17  -21    7   28      2.632E+02
    17  -21    7   28      2.771E+02
    17  -20    7   27      2.850E+02
    17  -19    8   27      2.918E+02
    17  -17    8   25      3.074E+02
    17  -16    8   24      3.239E+02
    17  -16    8   24      3.335E+02
    17  -14    9   23      3.415E+02
    17  -14    9   23      3.602E+02
    17  -13    9   22      3.803E+02
    17  -12    9   21      3.854E+02
    17  -11   10   21      4.018E+02
    17   -9   10   19      4.250E+02
    17   -9   10   19      4.405E+02
    17   -8   11   19      4.502E+02
    17   -6   11   17      4.775E+02
    17   -6   11   17      4.989E+02
    18  -86    1   87      3.045E+01
    18  -85    1   86      3.135E+01
    18  -84    1   85      3.228E+01
    18  -84    0   84      3.325E+01
    18  -81    0   81      3.531E+01
    18  -80    0   80      3.640E+01
    18  -78    1   79      3.753E+01
    18  -78    0   78      3.871E+01
    18  -77    0   77      3.993E+01
    18  -76    0   76      4.121E+01
    18  -74    1   75      4.253E+01
    18  -74    0   74      4.392E+01
    18  -73    0   73      4.535E+01
    18  -72    0   72      4.685E+01
    18  -70    1   71      4.841E+01
    18  -70    0   70      5.004E+01
    18  -68    1   69      5.174E+01
    18  -68    1   69      5.352E+01
    18  -66    1   67      5.537E+01
    18  -66    1   67      5.730E+01
    18  -64    2   66      5.933E+01
    18  -64    1   65      6.144E+01
    18  -63    1   64      6.365E+01
    18  -62    1   63      6.388E+01
    18  -60    2   62      6.596E+01
    18  -60    1   61      6.838E+01
    18  -59    2   61      7.091E+01
    18  -57    2   59      7.357E+01
    18  -57    2   59      7.635E+01
    18  -56    2   58      7.927E+01
    18  -55    2   57      8.233E+01
    18  -54    2   56      8.554E+01
    18  -53    2   55      8.892E+01
    18  -52    2   54      9.246E+01
    18  -51    2   53      9.433E+01
    18  -49    3   52      9.619E+01
    18  -48    3   51      1.001E+02
    18  -48    3   51      1.042E+02
    18  -46    3   49      1.086E+02
    18  -45    3   48      1.131E+02
    18  -44    3   47      1.180E+02
    18  -43    3   46      1.230E+02
    18  -43    3   46      1.276E+02
    18  -42    4   46      1.284E+02
    18  -40    4   44      1.340E+02
    18  -40    4   44      1.400E+02
    18  -38    4   42      1.463E+02
    18  -38    4   42      1.530E+02
    18  -36    4   40      1.600E+02
    18  -36    4   40      1.640E+02
    18  -34    5   39      1.674E+02
    18  -34    5   39      1.753E+02
    18  -32    5   37      1.836E+02
    18  -32    5   37      1.924E+02
    18  -31    5   36      2.017E+02
    18  -30    5   35      2.036E+02
    18  -29    6   35      2.116E+02
    18  -27    6   33      2.220E+02
    18  -27    6   33      2.331E+02
    18  -26    6   32      2.448E+02
    18  -25    6   31      2.465E+02
    18  -23    7   30      2.571E+02
    18  -23    7   30      2.702E+02
    18  -22    7   29      2.840E+02
    18  -21    7   28      2.927E+02
    18  -20    8   28      2.986E+02
    18  -19    8   27      3.141E+02
    18  -17    8   25      3.304E+02
    18  -17    8   25      3.421E+02
    18  -15    9   24      3.477E+02
    18  -14    9   23      3.660E+02
    18  -13    9   22      3.855E+02
    18  -13    9   22      3.949E+02
    18  -12   10   22      4.064E+02
    18  -11   10   21      4.287E+02
    18  -10   10   20      4.509E+02
    18   -8   11   19      4.528E+02
    18   -7   11   18      4.788E+02
    19  -89    1   90      3.066E+01
    19  -88    1   89      3.155E+01
    19  -88    0   88      3.246E+01
    19  -87    0   87      3.341E+01
    19  -86    0   86      3.440E+01
    19  -83    0   83      3.649E+01
    19  -82    0   82      3.759E+01
    19  -80    1   81      3.874E+01
    19  -80    0   80      3.993E+01
    19  -78    1   79      4.116E+01
    19  -77    1   78      4.245E+01
    19  -76    1   77      4.379E+01
    19  -75    1   76      4.518E+01
    19  -75    0   75      4.663E+01
    19  -73    1   74      4.813E+01
    19  -72    1   73      4.970E+01
    19  -71    1   72      5.134E+01
    19  -71    1   72      5.304E+01
    19  -69    1   70      5.482E+01
    19  -69    1   70      5.667E+01
    19  -68    1   69      5.860E+01
    19  -67    1   68      6.062E+01
    19  -66    1   67      6.273E+01
    19  -65    1   66      6.493E+01
    19  -64    1   65      6.620E+01
    19  -62    2   64      6.723E+01
    19  -61    2   63      6.963E+01
    19  -60    2   62      7.214E+01
    19  -60    2   62      7.477E+01
    19  -59    2   61      7.752E+01
    19  -58    2   60      8.041E+01
    19  -57    2   59      8.343E+01
    19  -56    2   58      8.659E+01
    19  -55    2   57      8.991E+01
    19  -54    2   56      9.339E+01
    19  -53    2   55      9.704E+01
    19  -52    2   54      9.756E+01
    19  -50    3   53      1.009E+02
    19  -49    3   52      1.049E+02
    19  -48    3   51      1.091E+02
    19  -48    3   51      1.136E+02
    19  -46    3   49      1.183E+02
    19  -46    3   49      1.232E+02
    19  -44    3   47      1.284E+02
    19  -44    3   47      1.317E+02
    19  -42    4   46      1.339E+02
    19  -41    4   45      1.396E+02
    19  -40    4   44      1.457E+02
    19  -39    4   43      1.521E+02
    19  -38    4   42      1.589E+02
    19  -37    4   41      1.660E+02
    19  -37    4   41      1.690E+02
    19  -35    5   40      1.735E+02
    19  -34    5   39      1.815E+02
    19  -34    5   39      1.899E+02
    19  -32    5   37      1.987E+02
    19  -32    5   37      2.081E+02
    19  -31    5   36      2.095E+02
    19  -29    6   35      2.180E+02
    19  -29    6   35      2.285E+02
    19  -27    6   33      2.396E+02
    19  -27    6   33      2.512E+02
    19  -26    6   32      2.533E+02
    19  -24    7   31      2.636E+02
    19  -23    7   30      2.766E+02
    19  -22    7   29      2.903E+02
    19  -22    7   29      3.003E+02
    19  -20    8   28      3.048E+02
    19  -20    8   28      3.201E+02
    19  -19    8   27      3.362E+02
    19  -18    8   26      3.507E+02
    19  -16    9   25      3.533E+02
    19  -15    9   24      3.712E+02
    19  -15    9   24      3.903E+02
    19  -14    9   23      4.044E+02
    19  -12   10   22      4.105E+02
    19  -12   10   22      4.321E+02
    19  -10   10   20      4.552E+02
    19  -10   10   20      4.613E+02
    19   -8   11   19      4.800E+02
    20  -93    0   93      3.080E+01
    20  -91    1   92      3.166E+01
    20  -91    0   91      3.256E+01
    20  -89    1   90      3.349E+01
    20  -88    1   89      3.445E+01
    20  -88    0   88      3.545E+01
    20  -87    0   87      3.648E+01
    20  -86    0   86      3.689E+01
    20  -85    0   85      3.756E+01
    20  -83    1   84      3.867E+01
    20  -82    1   83      3.983E+01
    20  -81    1   82      4.103E+01
    20  -81    0   81      4.227E+01
    20  -79    1   80      4.357E+01
    20  -78    1   79      4.491E+01
    20  -77    1   78      4.631E+01
    20  -76    1   77      4.776E+01
    20  -76    0   76      4.927E+01
    20  -75    1   76      5.085E+01
     1   14   15    1      5.093E+02
     1   15   15    0      5.656E+02
     1   16   16    0      6.263E+02
     1   17   17    0      6.904E+02
     1   18   18    0      7.579E+02
     1   19   19    0      8.286E+02
     1   20   20    0      9.025E+02
     1   21   21    0      9.797E+02
     1   22   22    0      1.060E+03
     1   23   23    0      1.144E+03
     1   24   24    0      1.230E+03
     1   25   25    0      1.320E+03
     1   26   26    0      1.413E+03
     1   27   27    0      1.509E+03
     1   28   28    0      1.609E+03
     1   28   28    0      1.609E+03
     1   30   30    0      1.711E+03
     1   31   31    0      1.817E+03
     1   32   32    0      1.926E+03
     2   13   15    2      5.332E+02
     2   14   16    2      5.844E+02
     2   15   16    1      6.319E+02
     2   16   17    1      6.786E+02
     2   17   18    1      7.347E+02
     2   18   19    1      7.986E+02
     2   19   20    1      8.673E+02
     2   20   21    1      9.392E+02
     2   21   22    1      1.012E+03
     2   22   22    0      1.081E+03
     2   23   23    0      1.141E+03
     2   24   24    0      1.207E+03
     2   25   25    0      1.287E+03
     2   26   26    0      1.375E+03
     2   27   27    0      1.467E+03
     2   28   28    0      1.564E+03
     2   29   29    0      1.664E+03
     2   30   30    0      1.767E+03
     2   31   31    0      1.874E+03
     2   32   32    0      1.984E+03
     3   12   15    3      5.509E+02
     3   13   15    2      5.904E+02
     3   14   16    2      6.232E+02
     3   15   17    2      6.819E+02
     3   16   18    2      7.469E+02
     3   17   19    2      8.133E+02
     3   18   19    1      8.630E+02
     3   19   20    1      9.024E+02
     3   20   21    1      9.727E+02
     3   21   22    1      1.051E+03
     3   22   23    1      1.133E+03
     3   23   24    1      1.218E+03
     3   24   25    1      1.304E+03
     3   25   25    0      1.374E+03
     3   26   26    0      1.417E+03
     3   27   27    0      1.503E+03
     3   28   28    0      1.600E+03
     3   29   29    0      1.702E+03
     3   30   30    0      1.807E+03
     3   31   31    0      1.915E+03
     4   10   14    4      5.098E+02
     4   11   15    4      5.635E+02
     4   12   15    3      5.771E+02
     4   13   16    3      6.316E+02
     4   14   17    3      6.959E+02
     4   15   18    3      7.528E+02
     4   16   18    2      7.701E+02
     4   17   19    2      8.376E+02
     4   18   20    2      9.119E+02
     4   19   21    2      9.891E+02
     4   20   21    1      1.047E+03
     4   21   22    1      1.075E+03
     4   22   23    1      1.157E+03
     4   23   24    1      1.244E+03
     4   24   25    1      1.335E+03
     4   25   26    1      1.429E+03
     4   26   27    1      1.523E+03
     4   27   27    0      1.551E+03
     4   28   28    0      1.628E+03
     4   29   29    0      1.731E+03
     4   30   30    0      1.838E+03
     4   31   31    0      1.947E+03
     5    9   14    5      5.232E+02
     5   10   14    4      5.560E+02
     5   11   15    4      5.836E+02
     5   12   16    4      6.464E+02
     5   13   16    3      6.942E+02
     5   14   17    3      7.136E+02
     5   15   18    3      7.827E+02
     5   16   19    3      8.552E+02
     5   17   19    2      8.918E+02
     5   18   20    2      9.319E+02
     5   19   21    2      1.011E+03
     5   20   22    2      1.093E+03
     5   21   23    2      1.177E+03
     5   22   23    1      1.187E+03
     5   23   24    1      1.268E+03
     5   24   25    1      1.360E+03
     5   25   26    1      1.455E+03
     5   26   27    1      1.553E+03
     5   27   28    1      1.649E+03
     5   28   28    0      1.657E+03
     5   29   29    0      1.760E+03
     5   30   30    0      1.868E+03
     5   31   31    0      1.979E+03
     6    8   14    6      5.370E+02
     6    9   14    5      5.445E+02
     6   10   15    5      5.982E+02
     6   11   16    5      6.540E+02
     6   12   16    4      6.626E+02
     6   13   17    4      7.299E+02
     6   14   18    4      7.993E+02
     6   15   18    3      8.020E+02
     6   16   19    3      8.744E+02
     6   17   20    3      9.515E+02
     6   18   20    2      1.002E+03
     6   19   21    2      1.032E+03
     6   20   22    2      1.115E+03
     6   21   23    2      1.202E+03
     6   22   24    2      1.289E+03
     6   23   24    1      1.293E+03
     6   24   25    1      1.385E+03
     6   25   26    1      1.481E+03
     6   26   27    1      1.581E+03
     6   27   28    1      1.683E+03
     6   28   28    0      1.720E+03
     6   29   29    0      1.789E+03
     6   30   30    0      1.898E+03
     7    7   13    6      5.353E+02
     7    8   14    6      5.514E+02
     7    9   15    6      6.134E+02
     7   10   15    5      6.261E+02
     7   11   16    5      6.786E+02
     7   12   17    5      7.418E+02
     7   13   17    4      7.471E+02
     7   14   18    4      8.187E+02
     7   15   19    4      8.926E+02
     7   16   19    3      8.938E+02
     7   17   20    3      9.716E+02
     7   18   21    3      1.053E+03
     7   19   21    2      1.095E+03
     7   20   22    2      1.137E+03
     7   21   23    2      1.225E+03
     7   22   24    2      1.316E+03
     7   23   24    1      1.373E+03
     7   24   25    1      1.410E+03
     7   25   26    1      1.507E+03
     7   26   27    1      1.608E+03
     7   27   28    1      1.712E+03
     7   28   28    0      1.771E+03
     7   29   29    0      1.818E+03
     7   30   30    0      1.928E+03
     8    5   13    8      5.059E+02
     8    6   13    7      5.285E+02
     8    7   14    7      5.657E+02
     8    8   14    6      6.057E+02
     8    9   15    6      6.286E+02
     8   10   16    6      6.948E+02
     8   11   16    5      7.010E+02
     8   12   17    5      7.642E+02
     8   13   17    4      8.205E+02
     8   14   18    4      8.369E+02
     8   15   19    4      9.127E+02
     8   16   19    3      9.734E+02
     8   17   20    3      9.918E+02
     8   18   21    3      1.074E+03
     8   19   22    3      1.160E+03
     8   20   22    2      1.173E+03
     8   21   23    2      1.248E+03
     8   22   24    2      1.340E+03
     8   23   25    2      1.435E+03
     8   24   25    1      1.440E+03
     8   25   26    1      1.534E+03
     8   26   27    1      1.635E+03
     8   27   28    1      1.740E+03
     8   28   28    0      1.809E+03
     8   29   29    0      1.848E+03
     8   30   30    0      1.959E+03
     9    4   13    9      5.193E+02
     9    5   13    8      5.232E+02
     9    6   14    8      5.800E+02
     9    7   14    7      5.902E+02
     9    8   15    7      6.439E+02
     9    9   15    6      6.710E+02
     9   10   16    6      7.111E+02
     9   11   17    6      7.695E+02
     9   12   17    5      7.815E+02
     9   13   18    5      8.551E+02
     9   14   18    4      8.913E+02
     9   15   19    4      9.319E+02
     9   16   20    4      1.012E+03
     9   17   20    3      1.044E+03
     9   18   21    3      1.095E+03
     9   19   22    3      1.182E+03
     9   20   22    2      1.240E+03
     9   21   23    2      1.271E+03
     9   22   24    2      1.364E+03
     9   23   25    2      1.460E+03
     9   24   25    1      1.496E+03
     9   25   26    1      1.560E+03
     9   26   27    1      1.662E+03
     9   27   28    1      1.768E+03
     9   28   28    0      1.840E+03
     9   29   29    0      1.877E+03
     9   30   30    0      1.989E+03
    10    3   12    9      5.190E+02
    10    4   13    9      5.327E+02
    10    5   13    8      5.783E+02
    10    6   14    8      5.943E+02
    10    7   15    8      6.483E+02
    10    8   15    7      6.592E+02
    10    9   16    7      7.273E+02
    10   10   16    6      7.317E+02
    10   11   17    6      7.987E+02
    10   12   17    5      8.324E+02
    10   13   18    5      8.732E+02
    10   14   19    5      9.510E+02
    10   15   19    4      9.552E+02
    10   16   20    4      1.032E+03
    10   17   21    4      1.107E+03
    10   18   21    3      1.116E+03
    10   19   22    3      1.204E+03
    10   20   23    3      1.294E+03
    10   21   23    2      1.299E+03
    10   22   24    2      1.388E+03
    10   23   25    2      1.485E+03
    10   24   25    1      1.544E+03
    10   25   26    1      1.586E+03
    10   26   27    1      1.689E+03
    10   27   28    1      1.796E+03
    10   29   29    0      1.864E+03
    10   29   29    0      1.906E+03
    11    2   12   10      5.158E+02
    11    3   13   10      5.460E+02
    11    4   13    9      5.689E+02
    11    5   14    9      6.086E+02
    11    6   14    8      6.305E+02
    11    7   15    8      6.745E+02
    11    9   16    7      7.028E+02
    11    9   16    7      7.435E+02
    11   11   17    6      7.882E+02
    11   11   17    6      8.159E+02
    11   12   18    6      8.902E+02
    11   13   18    5      8.914E+02
    11   14   19    5      9.702E+02
    11   15   19    4      1.013E+03
    11   16   20    4      1.052E+03
    11   17   21    4      1.137E+03
    11   19   22    3      1.164E+03
    11   19   22    3      1.226E+03
    11   20   23    3      1.317E+03
    11   22   24    2      1.350E+03
    11   22   24    2      1.412E+03
    11   23   25    2      1.510E+03
    11   24   25    1      1.584E+03
    11   25   26    1      1.612E+03
    11   26   27    1      1.716E+03
    11   27   28    1      1.824E+03
    11   28   28    0      1.885E+03
    11   29   29    0      1.934E+03
    12    2   13   11      5.133E+02
    12    2   13   11      5.594E+02
    12    3   13   10      5.613E+02
    12    4   14   10      6.164E+02
    12    5   14    9      6.229E+02
    12    6   15    9      6.800E+02
    12    7   15    8      6.897E+02
    12    9   17    8      7.540E+02
    12    9   16    7      7.597E+02
    12   10   17    7      8.330E+02
    12   11   17    6      8.408E+02
    12   12   18    6      9.095E+02
    12   13   18    5      9.434E+02
    12   14   19    5      9.892E+02
    12   15   20    5      1.066E+03
    12   16   20    4      1.072E+03
    12   17   21    4      1.158E+03
    12   19   22    3      1.214E+03
    12   19   22    3      1.248E+03
    12   20   23    3      1.340E+03
    12   21   24    3      1.395E+03
    12   22   24    2      1.436E+03
    12   23   25    2      1.535E+03
    12   24   26    2      1.619E+03
    12   25   26    1      1.637E+03
    12   26   27    1      1.743E+03
    12   27   28    1      1.851E+03
    12   29   29    0      1.902E+03
    12   29   29    0      1.963E+03
    13    2   13   11      5.552E+02
    13    2   13   11      5.727E+02
    13    4   14   10      6.049E+02
    13    4   14   10      6.372E+02
    13    6   15    9      6.617E+02
    13    6   15    9      7.049E+02
    13    7   15    8      7.268E+02
    13    8   16    8      7.759E+02
    13   10   17    7      8.021E+02
    13   10   17    7      8.501E+02
    13   12   18    6      8.897E+02
    13   12   18    6      9.275E+02
    13   13   19    6      9.925E+02
    13   14   19    5      1.008E+03
    13   15   20    5      1.092E+03
    13   17   21    4      1.114E+03
    13   17   21    4      1.179E+03
    13   19   22    3      1.260E+03
    13   19   22    3      1.270E+03
    13   20   23    3      1.363E+03
    13   21   24    3      1.435E+03
    13   22   24    2      1.460E+03
    13   23   25    2      1.560E+03
    13   25   26    1      1.650E+03
    13   25   26    1      1.663E+03
    13   26   27    1      1.770E+03
    13   27   28    1      1.879E+03
    13   29   29    0      1.917E+03
    13   29   29    0      1.992E+03
    14   -1   12   13      5.098E+02
    14   -1   12   13      5.238E+02
    14    0   13   13      5.502E+02
    14    1   13   12      5.859E+02
    14    2   13   11      5.955E+02
    14    3   14   11      6.467E+02
    14    4   14   10      6.514E+02
    14    6   15    9      7.049E+02
    14    6   15    9      7.200E+02
    14    7   16    9      7.712E+02
    14    8   16    8      7.920E+02
    14   10   17    7      8.474E+02
    14   10   17    7      8.671E+02
    14   11   18    7      9.355E+02
    14   12   18    6      9.455E+02
    14   13   19    6      1.027E+03
    14   15   20    5      1.038E+03
    14   15   20    5      1.112E+03
    14   17   21    4      1.158E+03
    14   17   21    4      1.200E+03
    14   18   22    4      1.291E+03
    14   20   23    3      1.301E+03
    14   20   23    3      1.386E+03
    14   22   24    2      1.471E+03
    14   22   24    2      1.484E+03
    14   23   25    2      1.585E+03
    14   25   26    1      1.678E+03
    14   25   26    1      1.689E+03
    14   26   27    1      1.796E+03
    14   27   28    1      1.907E+03
    14   29   29    0      1.930E+03
    15   -2   12   14      5.086E+02
    15   -2   12   14      5.361E+02
    15    0   13   13      5.461E+02
    15    0   13   13      5.877E+02
    15    1   13   12      5.992E+02
    15    3   14   11      6.344E+02
    15    3   14   11      6.655E+02
    15    4   15   11      6.868E+02
    15    5   15   10      7.352E+02
    15    6   16   10      7.460E+02
    15    7   16    9      8.080E+02
    15    8   17    9      8.133E+02
    15    9   17    8      8.841E+02
    15   11   18    7      8.900E+02
    15   11   18    7      9.635E+02
    15   13   19    6      9.782E+02
    15   13   19    6      1.046E+03
    15   15   20    5      1.080E+03
    15   15   20    5      1.132E+03
    15   17   21    4      1.199E+03
    15   17   21    4      1.221E+03
    15   18   22    4      1.313E+03
    15   19   23    4      1.339E+03
    15   20   23    3      1.409E+03
    15   21   24    3      1.504E+03
    15   22   24    2      1.507E+03
    15   23   25    2      1.609E+03
    15   25   26    1      1.702E+03
    15   25   26    1      1.714E+03
    15   26   27    1      1.823E+03
    15   27   28    1      1.934E+03
    15   28   29    1      1.942E+03
    16   -3   12   15      5.078E+02
    16   -2   12   14      5.427E+02
    16   -2   12   14      5.484E+02
    16   -1   13   14      5.812E+02
    16    0   13   13      6.124E+02
    16    2   14   12      6.240E+02
    16    2   14   12      6.717E+02
    16    3   14   11      6.797E+02
    16    4   15   11      7.252E+02
    16    5   15   10      7.502E+02
    16    6   16   10      7.852E+02
    16    7   16    9      8.240E+02
    16    8   17    9      8.531E+02
    16    9   17    8      9.011E+02
    16   11   18    7      9.302E+02
    16   11   18    7      9.814E+02
    16   13   19    6      1.018E+03
    16   13   19    6      1.065E+03
    16   15   20    5      1.120E+03
    16   15   20    5      1.152E+03
    16   16   21    5      1.237E+03
    16   17   21    4      1.242E+03
    16   18   22    4      1.335E+03
    16   19   23    4      1.373E+03
    16   20   23    3      1.431E+03
    16   21   24    3      1.531E+03
    16   23   25    2      1.534E+03
    16   23   25    2      1.634E+03
    16   24   26    2      1.724E+03
    16   25   26    1      1.740E+03
    16   26   27    1      1.849E+03
    16   27   28    1      1.952E+03
    16   28   28    0      1.962E+03
    17   -5   12   17      5.073E+02
    17   -4   12   16      5.399E+02
    17   -3   12   15      5.606E+02
    17   -2   13   15      5.758E+02
    17   -1   13   14      6.153E+02
    17    0   13   13      6.256E+02
    17    1   14   13      6.591E+02
