ZAMS 130 Msun to test the complete integrator                                   
  200  7.7397E+39  2.5883E+35  5.5266E+04  1.0791E+12  7.2700E+38
    1    0   1.000000E+00   1.000000E+00   7.739712E+39   7.739712E+33
 6.2950042870372E+10 7.9689974807946E+10 9.1707270150858E+10 1.0146862520231E+11
 1.0986777412834E+11 1.1734250749576E+11 1.2414379728465E+11 1.3043046155927E+11
 1.3631012278077E+11 1.4185948497127E+11 1.4713538028519E+11 1.5218124190005E+11
 1.5703111029967E+11 1.6171223184753E+11 1.6624680768343E+11 1.7065320828209E+11
 1.7494683976886E+11 1.7914077624710E+11 1.8324623070463E+11 1.8727291196618E+11
 1.9122929955087E+11 1.9512285950692E+11 1.9896021170496E+11 2.0274726691140E+11
 2.0648933657348E+11 2.1019122243382E+11 2.1385729033511E+11 2.1749153151056E+11
 2.2109761387885E+11 2.2467892527852E+11 2.2823861017976E+11 2.3177960108066E+11
 2.3530464549748E+11 2.3881632932738E+11 2.4231709719661E+11 2.4580927029238E+11
 2.4929506208584E+11 2.5277659228232E+11 2.5625589927753E+11 2.5973495135245E+11
 2.6321565680294E+11 2.6669987316988E+11 2.7018941571153E+11 2.7368606523992E+11
 2.7719157542693E+11 2.8070767967276E+11 2.8423609761866E+11 2.8777854137730E+11
 2.9133672154721E+11 2.9491235307256E+11 2.9850716100507E+11 3.0212288628460E+11
 3.0576129077530E+11 3.0942416472425E+11 3.1311333078203E+11 3.1683065087588E+11
 3.2057803373210E+11 3.2435743921569E+11 3.2817088618410E+11 3.3202045976399E+11
 3.3590831909381E+11 3.3983670560973E+11 3.4380795196074E+11 3.4782449164885E+11
 3.5188886950304E+11 3.5600375442682E+11 3.6017194942163E+11 3.6439640656860E+11
 3.6868024226191E+11 3.7302675410469E+11 3.7743943974037E+11 3.8192201791063E+11
 3.8647845198585E+11 3.9111297651924E+11 3.9583012726338E+11 4.0063477523529E+11
 4.0553216553366E+11 4.1052796175858E+11 4.1562829706614E+11 4.2083983311964E+11
 4.2616982848919E+11 4.3162621842040E+11 4.3721770836746E+11 4.4295388429985E+11
 4.4884534359437E+11 4.5490385138307E+11 4.6114252863925E+11 4.6757607841662E+11
 4.7422106814727E+11 4.8109627163524E+11 4.8822309735417E+11 4.9562612784380E+11
 5.0333380722463E+11 5.1137932925267E+11 5.1980180159316E+11 5.2864779795401E+11
 5.3797346682906E+11 5.4784745907963E+11 5.5835509497346E+11 5.6960447062301E+11
 5.8173571634207E+11 5.9493564516047E+11 6.0935599418651E+11 6.2501472136273E+11
 6.4189507190292E+11 6.5979883353733E+11 6.7842688029298E+11 6.9741301838181E+11
 7.1636716557975E+11 7.3492331210204E+11 7.5278733680838E+11 7.6978008202897E+11
 7.8587331545226E+11 8.0111955330124E+11 8.1556616006315E+11 8.2925651493708E+11
 8.4223082134755E+11 8.5452667223407E+11 8.6617944754503E+11 8.7722259629550E+11
 8.8768783930624E+11 8.9760531763430E+11 9.0700370403525E+11 9.1591028946206E+11
 9.2435105288030E+11 9.3235072007131E+11 9.3993281527004E+11 9.4711970821069E+11
 9.5393265826754E+11 9.6039185676851E+11 9.6651646814257E+11 9.7232467028335E+11
 9.7783369432925E+11 9.8305986394609E+11 9.8801863413222E+11 9.9272462953264E+11
 9.9719168223952E+11 1.0014328690631E+12 1.0054605482749E+12 1.0092863958528E+12
 1.0129214412874E+12 1.0163761030448E+12 1.0196602238184E+12 1.0227831057297E+12
 1.0257535456713E+12 1.0285798709914E+12 1.0312699757109E+12 1.0338313574171E+12
 1.0362711548759E+12 1.0385961862221E+12 1.0408129872994E+12 1.0429278492872E+12
 1.0449468541325E+12 1.0468759054627E+12 1.0487207515674E+12 1.0504869956837E+12
 1.0521800872646E+12 1.0538052862789E+12 1.0553675912408E+12 1.0568716212858E+12
 1.0583214445892E+12 1.0597203521801E+12 1.0610705913354E+12 1.0623730999488E+12
 1.0636273220805E+12 1.0648312220142E+12 1.0659816152431E+12 1.0670748554677E+12
 1.0681077520524E+12 1.0690784323063E+12 1.0699868499341E+12 1.0708348141809E+12
 1.0716256381749E+12 1.0723636162881E+12 1.0730535101145E+12 1.0737001319726E+12
 1.0743080400264E+12 1.0748813233133E+12 1.0754234483790E+12 1.0759371471705E+12
 1.0764243397469E+12 1.0768861020020E+12 1.0773227055130E+12 1.0777337673421E+12
 1.0781185387836E+12 1.0784763190000E+12 1.0788069054628E+12 1.0791109304290E+12
 1.0793899464028E+12 1.0796462322319E+12 1.0798824224655E+12 1.0801011174396E+12
 1.0803045896394E+12 1.0804946227460E+12 1.0806724638320E+12 1.0808388518338E+12
 1.0809940917846E+12 1.0811381564968E+12 1.0812708058244E+12 1.0813917158515E+12
 1.0815006077753E+12
 4.1520620267832E+07 4.1173352338340E+07 4.0864838054186E+07 4.0580300554433E+07
 4.0312400122837E+07 4.0056834388145E+07 3.9810813445476E+07 3.9572399706330E+07
 3.9340178661383E+07 3.9113075354044E+07 3.8890253602919E+07 3.8671041807742E+07
 3.8454890911121E+07 3.8241344180853E+07 3.8030015950327E+07 3.7820576260236E+07
 3.7612739508066E+07 3.7406255891832E+07 3.7200904846927E+07 3.6996489933453E+07
 3.6792836975926E+07 3.6589784313135E+07 3.6387186700012E+07 3.6184911001051E+07
 3.5982834428806E+07 3.5780843077349E+07 3.5578830691048E+07 3.5376697622683E+07
 3.5174349923848E+07 3.4971698598121E+07 3.4768658980907E+07 3.4565150129964E+07
 3.4361094321280E+07 3.4156416603992E+07 3.3951044404701E+07 3.3744907173222E+07
 3.3537936063136E+07 3.3330063641609E+07 3.3121223623768E+07 3.2911350627663E+07
 3.2700379946371E+07 3.2488247334277E+07 3.2274888804930E+07 3.2060240438183E+07
 3.1844238194553E+07 3.1626817734926E+07 3.1407914243915E+07 3.1187462255251E+07
 3.0965395477697E+07 3.0741646620020E+07 3.0516147318586E+07 3.0288826698224E+07
 3.0059615115142E+07 2.9828438096125E+07 2.9595220568900E+07 2.9359887280670E+07
 2.9122357104135E+07 2.8882547846001E+07 2.8640374450678E+07 2.8395748729077E+07
 2.8148579067084E+07 2.7898770110742E+07 2.7646222424835E+07 2.7390832121178E+07
 2.7132492236465E+07 2.6871087081249E+07 2.6606496814252E+07 2.6338595259186E+07
 2.6067249305371E+07 2.5792318266577E+07 2.5513653154056E+07 2.5231095740177E+07
 2.4944477688644E+07 2.4653619502204E+07 2.4358329332323E+07 2.4058401627550E+07
 2.3753615592584E+07 2.3443733424150E+07 2.3128498282515E+07 2.2807631948175E+07
 2.2480832101574E+07 2.2147769148767E+07 2.1808082496642E+07 2.1461376156335E+07
 2.1107213520618E+07 2.0745111117598E+07 2.0374529844733E+07 1.9994869645859E+07
 1.9605454393430E+07 1.9205519381244E+07 1.8794194017108E+07 1.8370479944772E+07
 1.7933223034858E+07 1.7481077015965E+07 1.7012455496034E+07 1.6525467523888E+07
 1.6017829260477E+07 1.5486740029400E+07 1.4928703575777E+07 1.4339260874528E+07
 1.3712581471695E+07 1.3043321999840E+07 1.2330927111517E+07 1.1599972407028E+07
 1.0849274941379E+07 1.0094162351462E+07 9.3512264220988E+06 8.6360916439502E+06
 7.9615587709648E+06 7.3363161323488E+06 6.7642432177475E+06 6.2441974555795E+06
 5.7714850194987E+06 5.3407821054232E+06 4.9475145800250E+06 4.5877274981036E+06
 4.2579821069373E+06 3.9552734801462E+06 3.6769639006882E+06 3.4207284482910E+06
 3.1845101693763E+06 2.9664828581892E+06 2.7650199452759E+06 2.5786683310265E+06
 2.4061262555056E+06 2.2462244866035E+06 2.0979102540090E+06 1.9602334686914E+06
 1.8323348550138E+06 1.7134356913785E+06 1.6028289098887E+06 1.4998713491538E+06
 1.4039769895151E+06 1.3146110284584E+06 1.2312846772077E+06 1.1535505785337E+06
 1.0809987614792E+06 1.0132530616843E+06 9.4996794673093E+05 8.9082569487210E+05
 8.3553388293324E+05 7.8382314532480E+05 7.3544517115145E+05 6.9017091047371E+05
 6.4778896394942E+05 6.0810413239866E+05 5.7093610431262E+05 5.3611825997164E+05
 5.0349657068375E+05 4.7292857077861E+05 4.4428237868534E+05 4.1743574212563E+05
 3.9227508209233E+05 3.6869451220523E+05 3.4659481614826E+05 3.2588237846338E+05
 3.0646808518714E+05 2.8826624193998E+05 2.7119359742018E+05 2.5516860615524E+05
 2.4011110846053E+05 2.2594263565257E+05 2.1258754389816E+05 1.9997510289491E+05
 1.8804245465005E+05 1.7673795518983E+05 1.6602387466765E+05 1.5587709198301E+05
 1.4628682182340E+05 1.3724971838493E+05 1.2876410490283E+05 1.2082538380589E+05
 1.1342369434515E+05 1.0654360790018E+05 1.0016502247474E+05 9.4264496350665E+04
 8.8816610465887E+04 8.3795231128447E+04 7.9174671851181E+04 7.4930773416773E+04
 7.1041900896202E+04 6.7489830307827E+04 6.4260462245696E+04 6.1344223655502E+04
 5.8735876459992E+04 5.6433297800465E+04 5.4434849603301E+04 5.2735512030991E+04
 5.1322959827424E+04 5.0175419117554E+04 4.9262527630901E+04 4.8548775915760E+04
 4.7997836147396E+04 4.7576114861783E+04 4.7254772880433E+04 4.7010323725148E+04
 4.6824309761822E+04 4.6682549609553E+04 4.6574288339294E+04 4.6491420555167E+04
 8.1727779003595E-01 8.3618938555529E-01 8.5349272582310E-01 8.6988540909535E-01
 8.8571309605025E-01 9.0117898734023E-01 9.1641599698670E-01 9.3151782591759E-01
 9.4655438179825E-01 9.6157993989885E-01 9.7663901009975E-01 9.9176859369041E-01
 1.0070005217545E+00 1.0223628538108E+00 1.0378808642848E+00 1.0535777589620E+00
 1.0694752092254E+00 1.0855937602303E+00 1.1019531500061E+00 1.1185725645165E+00
 1.1354712017552E+00 1.1526673932207E+00 1.1701797904878E+00 1.1880271532395E+00
 1.2062284645769E+00 1.2248030359838E+00 1.2437706048678E+00 1.2631514270030E+00
 1.2829663617037E+00 1.3032369621691E+00 1.3239855705964E+00 1.3452354000159E+00
 1.3670106244462E+00 1.3893364720146E+00 1.4122393219892E+00 1.4357468066536E+00
 1.4598879189559E+00 1.4846931268951E+00 1.5101944956447E+00 1.5364258184835E+00
 1.5634227576732E+00 1.5912229965317E+00 1.6198664040584E+00 1.6493952136180E+00
 1.6798542173456E+00 1.7112909781300E+00 1.7437560612544E+00 1.7773032880281E+00
 1.8119900140398E+00 1.8478774350094E+00 1.8850309564585E+00 1.9235201656264E+00
 1.9634204896194E+00 2.0048117822236E+00 2.0477802344205E+00 2.0924192209600E+00
 2.1388280113938E+00 2.1871142019089E+00 2.2373939736553E+00 2.2897929681980E+00
 2.3444472713905E+00 2.4015045216353E+00 2.4611251612594E+00 2.5234838530361E+00
 2.5887719259560E+00 2.6571968155650E+00 2.7289864272618E+00 2.8043908034814E+00
 2.8836848682912E+00 2.9671716031328E+00 3.0551857134457E+00 3.1480978098741E+00
 3.2463193784676E+00 3.3503085522350E+00 3.4605768866400E+00 3.5776973487948E+00
 3.7023137817432E+00 3.8351521716280E+00 3.9770341315569E+00 4.1288931282706E+00
 4.2917941255233E+00 4.4669575143654E+00 4.6557884635951E+00 4.8599131798347E+00
 5.0812240541298E+00 5.3219363467865E+00 5.5846584500835E+00 5.8724883962596E+00
 6.1891281662073E+00 6.5390407104927E+00 6.9276560931979E+00 7.3616486201281E+00
 7.8493152806712E+00 8.4011016479789E+00 9.0303471495788E+00 9.7543648417318E+00
 1.0596045743269E+01 1.1586312627380E+01 1.2768001584639E+01 1.4202246288894E+01
 1.5979515573942E+01 1.8230458310074E+01 2.1130436563540E+01 2.5063546578833E+01
 3.0299688903357E+01 3.7283222350151E+01 4.6574198717989E+01 5.8854714884033E+01
 7.4923986162184E+01 9.5688801989899E+01 1.2217723700888E+02 1.5564006338601E+02
 1.9771707144545E+02 2.5051171125096E+02 3.1662381680526E+02 3.9926476421622E+02
 5.0239918639501E+02 6.3091936627746E+02 7.9085984805563E+02 9.8966155337680E+02
 1.2364968441639E+03 1.5426696310358E+03 1.9221079040860E+03 2.3919701065453E+03
 2.9733917614014E+03 3.6924049184888E+03 4.5810705894293E+03 5.6788737195075E+03
 7.0344418290843E+03 8.7076627626742E+03 1.0772294656705E+04 1.3319183079774E+04
 1.6460227313114E+04 2.0333271178577E+04 2.5108135268587E+04 3.0994058895516E+04
 3.8248884134507E+04 4.7190394325571E+04 5.8210319721329E+04 7.1791649473931E+04
 8.8530049774077E+04 1.0916039354520E+05 1.3458967272334E+05 1.6593791084171E+05
 2.0458915082010E+05 2.5225520152381E+05 3.1105564316002E+05 3.8361869153606E+05
 4.7320900189208E+05 5.8389047122754E+05 7.2073469610427E+05 8.9008905145542E+05
 1.0999223508400E+06 1.3602704276465E+06 1.6838078624900E+06 2.0865735216300E+06
 2.5888727749111E+06 3.2163616325633E+06 4.0012774533310E+06 4.9837047653967E+06
 6.2126449037276E+06 7.7465106213426E+06 9.6525721144745E+06 1.2005032945820E+07
 1.4882100611978E+07 1.8363760941710E+07 2.2533376025065E+07 2.7486161454786E+07
 3.3344896003610E+07 4.0279432033845E+07 4.8525439930164E+07 5.8400649270038E+07
 7.0320532762056E+07 8.4816521904206E+07 1.0255828857332E+08 1.2437897566400E+08
 1.5129936987156E+08 1.8454371205761E+08 2.2553603661215E+08 2.7586291525744E+08
 3.3719040764300E+08 4.1113794458666E+08 4.9914928906981E+08 6.0245982306961E+08
 7.2230722198311E+08 8.6049659506819E+08 1.0202581442729E+09 1.2071070672529E+09
 1.4293479179950E+09 1.6980663370388E+09 2.0267291538511E+09 2.4305972127571E+09
 2.9260155632364E+09 3.5294625957010E+09 4.2561613140563E+09 5.1181152222859E+09
 6.1216103207747E+09 7.2644966561055E+09 8.5338674149296E+09 9.9049614192516E+09
 1.9697291717766E+09 1.9656254917649E+09 1.9619521135627E+09 1.9585408199451E+09
 1.9553081866434E+09 1.9522053476272E+09 1.9492006106074E+09 1.9462719415375E+09
 1.9434032213495E+09 1.9405813595880E+09 1.9377975674268E+09 1.9350440885703E+09
 1.9323145385321E+09 1.9296035626645E+09 1.9269065956914E+09 1.9242196880526E+09
 1.9215393775608E+09 1.9188625926355E+09 1.9161865780181E+09 1.9135088368266E+09
 1.9108279246876E+09 1.9081409013757E+09 1.9054458049445E+09 1.9027407947882E+09
 1.9000241313010E+09 1.8972941588145E+09 1.8945492911325E+09 1.8917879991475E+09
 1.8890087917117E+09 1.8862102125491E+09 1.8833908477985E+09 1.8805493049734E+09
 1.8776842062635E+09 1.8747941824489E+09 1.8718778673071E+09 1.8689338924185E+09
 1.8659608822781E+09 1.8629574496505E+09 1.8599221910989E+09 1.8568536826405E+09
 1.8537504754724E+09 1.8506110917304E+09 1.8474340202325E+09 1.8442177121758E+09
 1.8409605767429E+09 1.8376609765855E+09 1.8343172231450E+09 1.8309275717764E+09
 1.8274902166341E+09 1.8240032852798E+09 1.8204648779475E+09 1.8168725211929E+09
 1.8132248492099E+09 1.8095190752758E+09 1.8057528878350E+09 1.8019247304951E+09
 1.7980314060762E+09 1.7940702620255E+09 1.7900385102954E+09 1.7859332157043E+09
 1.7817512833263E+09 1.7774894447183E+09 1.7731442428029E+09 1.7687120152059E+09
 1.7641896910041E+09 1.7595723988805E+09 1.7548557435190E+09 1.7500350375450E+09
 1.7451052731722E+09 1.7400611021548E+09 1.7348968078722E+09 1.7296062155687E+09
 1.7241826762305E+09 1.7186190145132E+09 1.7129074693296E+09 1.7070396258061E+09
 1.7010063370411E+09 1.6947976337572E+09 1.6884026195070E+09 1.6818093485456E+09
 1.6750046827811E+09 1.6679741233190E+09 1.6607016109430E+09 1.6531692883438E+09
 1.6453572148834E+09 1.6372430219690E+09 1.6288008337507E+09 1.6200027733463E+09
 1.6108162617593E+09 1.6012039199833E+09 1.5911225583669E+09 1.5805218825565E+09
 1.5693428143005E+09 1.5575152798785E+09 1.5449552484444E+09 1.5315606905396E+09
 1.5172059436284E+09 1.5017336610066E+09 1.4849429743365E+09 1.4665708395846E+09
 1.4462655437630E+09 1.4236248704651E+09 1.3983342102299E+09 1.3832955281147E+09
 1.3703558087640E+09 1.3598450780971E+09 1.3519277884837E+09 1.3465842908887E+09
 1.3436349928842E+09 1.3427916909834E+09 1.3437199494484E+09 1.3461018130813E+09
 1.3496858348710E+09 1.3542914025168E+09 1.3597873880037E+09 1.3660796516067E+09
 1.3731019782314E+09 1.3808094214505E+09 1.3891733659916E+09 1.3981778344416E+09
 1.4078167053833E+09 1.4180916054284E+09 1.4290103031292E+09 1.4405854786611E+09
 1.4528337758875E+09 1.4657750671048E+09 1.4794318781626E+09 1.4938289346523E+09
 1.5089927997699E+09 1.5249515822437E+09 1.5417346991034E+09 1.5593726836384E+09
 1.5778970341576E+09 1.5973401045898E+09 1.6177350440328E+09 1.6391157995550E+09
 1.6615172054090E+09 1.6849751930403E+09 1.7095271702549E+09 1.7352126355034E+09
 1.7620741148351E+09 1.7901585347540E+09 1.8195191737130E+09 1.8502183665282E+09
 1.8823311661533E+09 1.9159501894141E+09 1.9511918762133E+09 1.9882043574940E+09
 2.0271770284431E+09 2.0683517206916E+09 2.1120350059091E+09 2.1586105711461E+09
 2.2085496950104E+09 2.2624165225646E+09 2.3208629894013E+09 2.3846058282527E+09
 2.4543751839945E+09 2.5308213757622E+09 2.6143644324139E+09 2.7049728442453E+09
 2.8018687652676E+09 2.9031852077755E+09 3.0056560856843E+09 3.1045015993974E+09
 3.1937436011146E+09 3.2671528901902E+09 3.3197758212625E+09 3.3495400367323E+09
 3.3581399189881E+09 3.3506780517006E+09 3.3342958494741E+09 3.3165785366714E+09
 3.3044119466282E+09 3.3034790722489E+09 3.3182149898798E+09 3.3519545345774E+09
 3.4070853875040E+09 3.4851201230123E+09 3.5866734156318E+09 3.7113854592035E+09
 3.8578969352558E+09 4.0240703181483E+09 4.2077437546460E+09 4.4083036196632E+09
 4.6291171326191E+09 4.8803134769794E+09 5.1808309485746E+09 5.5586925949275E+09
 6.0494245893170E+09 6.6936597462002E+09 7.5351665631775E+09 8.6196980288491E+09
 9.9940659595325E+09 1.1704432798271E+10 1.3792968758549E+10 1.6292473895781E+10
 1.9219190922423E+10 2.2564833708751E+10 2.6289722997765E+10 3.0319505395708E+10
 1.7181800397472E-03 1.7823666388282E-03 1.8391478987952E-03 1.8913213086053E-03
 1.9403004426320E-03 1.9869266702293E-03 2.0317263653954E-03 2.0750113154964E-03
 2.1171055118957E-03 2.1582676001120E-03 2.1986208513795E-03 2.2382353871432E-03
 2.2773143136399E-03 2.3159208719131E-03 2.3541033948650E-03 2.3919393290974E-03
 2.4294991810963E-03 2.4668553027323E-03 2.5039797353764E-03 2.5409943896448E-03
 2.5779539798095E-03 2.6148124804166E-03 2.6516446180299E-03 2.6884881301267E-03
 2.7253841255301E-03 2.7623169085145E-03 2.7993472910458E-03 2.8365288151707E-03
 2.8738462965574E-03 2.9112782974265E-03 2.9489663354756E-03 2.9868619223880E-03
 3.0249787746851E-03 3.0633833171528E-03 3.1020843568239E-03 3.1411144012008E-03
 3.1804710508826E-03 3.2202039803848E-03 3.2603359913534E-03 3.3009072313893E-03
 3.3419015527472E-03 3.3833669317420E-03 3.4253656566696E-03 3.4679220512719E-03
 3.5110293536670E-03 3.5547372644271E-03 3.5990885885210E-03 3.6441480885543E-03
 3.6898853569310E-03 3.7363825633649E-03 3.7836840136407E-03 3.8318385431368E-03
 3.8808453778767E-03 3.9307851294335E-03 3.9817495305907E-03 4.0337307421625E-03
 4.0868193112040E-03 4.1410659101953E-03 4.1965326374391E-03 4.2533145798265E-03
 4.3114582774628E-03 4.3710526978501E-03 4.4322116062063E-03 4.4949804689449E-03
 4.5594655913679E-03 4.6258220270036E-03 4.6941613429053E-03 4.7645289832008E-03
 4.8371685388052E-03 4.9121407719962E-03 4.9896743615754E-03 5.0699261559400E-03
 5.1530668406404E-03 5.2393074727562E-03 5.3289070835091E-03 5.4221177652856E-03
 5.5192331261097E-03 5.6205579300794E-03 5.7264695255962E-03 5.8372785866937E-03
 5.9535081689043E-03 6.0756999855222E-03 6.2042935462703E-03 6.3400272762610E-03
 6.4835535798599E-03 6.6357881515238E-03 6.7976375631167E-03 6.9702487784483E-03
 7.1549305804857E-03 7.3531950862760E-03 7.5669482241189E-03 7.7983446570620E-03
 8.0500339407873E-03 8.3253103449210E-03 8.6282042464345E-03 8.9637823193154E-03
 9.3385861853436E-03 9.7610748980349E-03 1.0242561659772E-02 1.0798592506056E-02
 1.1451109117711E-02 1.2229349833992E-02 1.3167306063217E-02 1.4151095277716E-02
 1.5275066924330E-02 1.6546416194417E-02 1.7966642748432E-02 1.9531420514550E-02
 2.1230540339000E-02 2.3049532165642E-02 2.4973273709701E-02 2.6992696738289E-02
 2.9108411997048E-02 3.1325342016025E-02 3.3648278589685E-02 3.6081613496324E-02
 3.8629573706625E-02 4.1296043728539E-02 4.4084707175308E-02 4.6998925860711E-02
 5.0041805440838E-02 5.3216155709228E-02 5.6524465779423E-02 5.9968888540939E-02
 6.3551216763548E-02 6.7272914715968E-02 7.1134922084066E-02 7.5137958705074E-02
 7.9282225282670E-02 8.3567432193415E-02 8.7992879902499E-02 9.2557377863295E-02
 9.7259279370865E-02 1.0209641029713E-01 1.0706615310976E-01 1.1216533689722E-01
 1.1739041395354E-01 1.2273732606997E-01 1.2820162677010E-01 1.3377854004865E-01
 1.3946297189850E-01 1.4524977211306E-01 1.5113365896666E-01 1.5710971938352E-01
 1.6317362068096E-01 1.6932208272411E-01 1.7555361233022E-01 1.8186941359194E-01
 1.8827475212221E-01 1.9478067973993E-01 2.0140654135071E-01 2.0818290369486E-01
 2.1515551813180E-01 2.2238962809381E-01 2.2997476392408E-01 2.3802851866426E-01
 2.4669849384860E-01 2.5615903321406E-01 2.6660013249485E-01 2.7820318214508E-01
 2.9110016892180E-01 3.0531449680378E-01 3.2068723250065E-01 3.3680582936951E-01
 3.5296741143987E-01 3.6822237778903E-01 3.8153050218636E-01 3.9200627069799E-01
 3.9915312923250E-01 4.0296594541911E-01 4.0386172826594E-01 4.0250911405611E-01
 3.9966172228920E-01 3.9605228234861E-01 3.9234617285961E-01 3.8912631414990E-01
 3.8688393338489E-01 3.8600248929561E-01 3.8673149340016E-01 3.8915539511187E-01
 3.9316019442996E-01 3.9840164469071E-01 4.0427404630494E-01 4.0988633169128E-01
 4.1406630648057E-01 4.1543257049031E-01 4.1257282054897E-01 4.0432080220241E-01
 3.9005076589554E-01 3.6986689203465E-01 3.4460752738451E-01 3.1567237407841E-01
 2.8474686515099E-01 2.5351465112571E-01 2.2342792511296E-01 1.9557185247587E-01
 1.7062533066330E-01 1.4889597679434E-01 1.3039848103139E-01 1.1494565859137E-01
-1.1825542452201E-02-1.1950221793256E-02-1.2063037702837E-02-1.2168809401601E-02
-1.2269953209741E-02-1.2367893598800E-02-1.2463546170800E-02-1.2557484517245E-02
-1.2650322086715E-02-1.2742276103385E-02-1.2833723538568E-02-1.2924837205237E-02
-1.3015896526641E-02-1.3106960983224E-02-1.3198250948169E-02-1.3289912791807E-02
-1.3381978552410E-02-1.3474643014381E-02-1.3567930582098E-02-1.3662006277972E-02
-1.3756942780537E-02-1.3852743974117E-02-1.3949570041753E-02-1.4047479206492E-02
-1.4146595036240E-02-1.4246902926665E-02-1.4348555762211E-02-1.4451629510219E-02
-1.4556119312073E-02-1.4662175793614E-02-1.4769862867975E-02-1.4879275512166E-02
-1.4990453243547E-02-1.5103534643298E-02-1.5218515454774E-02-1.5335590529227E-02
-1.5454796045833E-02-1.5576223357179E-02-1.5700001285753E-02-1.5826199684675E-02
-1.5954931991453E-02-1.6086311327350E-02-1.6220443364543E-02-1.6357487698219E-02
-1.6497503201332E-02-1.6640704124027E-02-1.6787173464734E-02-1.6937087793259E-02
-1.7090544282477E-02-1.7247766235534E-02-1.7408925096243E-02-1.7574206060684E-02
-1.7743704108015E-02-1.7917729284836E-02-1.8096506427866E-02-1.8280179519436E-02
-1.8469082393838E-02-1.8663426732543E-02-1.8863462886139E-02-1.9069549991307E-02
-1.9281963219571E-02-1.9501092599148E-02-1.9727289260257E-02-1.9960909491377E-02
-2.0202387771820E-02-2.0452237702487E-02-2.0710860456545E-02-2.0978873408702E-02
-2.1256856471998E-02-2.1545382648251E-02-2.1845205281961E-02-2.2157008835388E-02
-2.2481741578368E-02-2.2820155385977E-02-2.3173328352263E-02-2.3542357543573E-02
-2.3928445244650E-02-2.4332946426374E-02-2.4757338782589E-02-2.5203301440832E-02
-2.5672776782879E-02-2.6167771384957E-02-2.6690758236898E-02-2.7244495603410E-02
-2.7831941489904E-02-2.8456766452089E-02-2.9123065301147E-02-2.9835526731224E-02
-3.0599829941891E-02-3.1422413634318E-02-3.2311174000169E-02-3.3275393798578E-02
-3.4326434123170E-02-3.5478048119092E-02-3.6747415176141E-02-3.8156172096733E-02
-3.9731872411500E-02-4.1510535310041E-02-4.3540292423682E-02-4.5886796096225E-02
-4.8643363866304E-02-5.1933946919748E-02-5.5902988415734E-02-6.0066987524608E-02
-6.4826925336074E-02-7.0213101321010E-02-7.6232223382116E-02-8.2865439215813E-02
-9.0069130577385E-02-9.7781515605409E-02-1.0593826760696E-01-1.1450045768682E-01
-1.2347009653516E-01-1.3286805539001E-01-1.4271397780786E-01-1.5302621050738E-01
-1.6382199048712E-01-1.7511733680962E-01-1.8692702219947E-01-1.9926444696093E-01
-2.1214179384727E-01-2.2556957426348E-01-2.3955692091926E-01-2.5411111533756E-01
-2.6923777799109E-01-2.8494036362121E-01-3.0122035745778E-01-3.1807700766473E-01
-3.3550709719696E-01-3.5350476612937E-01-3.7206166554349E-01-3.9116643267157E-01
-4.1080478300297E-01-4.3095950798454E-01-4.5161025497581E-01-4.7273357012104E-01
-4.9430315512590E-01-5.1629009234438E-01-5.3866329123061E-01-5.6139022191823E-01
-5.8443820423868E-01-6.0777596731030E-01-6.3137623790419E-01-6.5521921931467E-01
-6.7929763647611E-01-7.0362330701232E-01-7.2823606748502E-01-7.5321628713377E-01
-7.7869978168273E-01-8.0489756740930E-01-8.3211886424714E-01-8.6079697014289E-01
-8.9151471399539E-01-9.2502370627923E-01-9.6224594980504E-01-1.0042398841225E+00
-1.0521030531275E+00-1.1067764726832E+00-1.1687102333415E+00-1.2373623207334E+00
-1.3105490893488E+00-1.3837686924812E+00-1.4497979824637E+00-1.4990777711727E+00
-1.5214766696459E+00-1.5096049254586E+00-1.4626722682454E+00-1.3885457652760E+00
-1.3018880921610E+00-1.2189627091748E+00-1.1524738086328E+00-1.1093904333881E+00
-1.0918246227346E+00-1.0991219511993E+00-1.1295662461029E+00-1.1811683173475E+00
-1.2517079307386E+00-1.3383819333180E+00-1.4373418404264E+00-1.5432951943450E+00
-1.6492687672689E+00-1.7466125479274E+00-1.8253675714689E+00-1.8751940526860E+00
-1.8870385367043E+00-1.8554086015885E+00-1.7804633561735E+00-1.6686088714020E+00
-1.5308048579464E+00-1.3793467877928E+00-1.2249620163850E+00-1.0754684587724E+00
-9.3586547745460E-01-8.0902827917633E-01-6.9636949539007E-01-5.9827774404802E-01
-5.1439162290324E-01-4.4380538970157E-01-3.8525431400119E-01-3.3728434364450E-01
 1.3152426900129E+33 1.3285279697100E+33 1.3419474441515E+33 1.3555024688399E+33
 1.3691944129696E+33 1.3830246595652E+33 1.3969946056214E+33 1.4111056622439E+33
 1.4253592547918E+33 1.4397568230220E+33 1.4542998212344E+33 1.4689897184185E+33
 1.4838279984026E+33 1.4988161600026E+33 1.5139557171743E+33 1.5292481991660E+33
 1.5446951506727E+33 1.5602981319927E+33 1.5760587191845E+33 1.5919785042268E+33
 1.6080590951786E+33 1.6243021163420E+33 1.6407092084262E+33 1.6572820287134E+33
 1.6740222512256E+33 1.6909315668946E+33 1.7080116837319E+33 1.7252643270019E+33
 1.7426912393959E+33 1.7602941812079E+33 1.7780749305131E+33 1.7960352833465E+33
 1.8141770538854E+33 1.8325020746317E+33 1.8510121965977E+33 1.8697092894926E+33
 1.8885952419117E+33 1.9076719615270E+33 1.9269413752798E+33 1.9464054295756E+33
 1.9660660904804E+33 1.9859253439196E+33 2.0059851958783E+33 2.0262476726044E+33
 2.0467148208125E+33 2.0673887078914E+33 2.0882714221126E+33 2.1093650728410E+33
 2.1306717907484E+33 2.1521937280287E+33 2.1739330586149E+33 2.1958919783989E+33
 2.2180727054534E+33 2.2404774802560E+33 2.2631085659151E+33 2.2859682483991E+33
 2.3090588367668E+33 2.3323826634008E+33 2.3559420842432E+33 2.3797394790335E+33
 2.4037772515490E+33 2.4280578298475E+33 2.4525836665126E+33 2.4773572389017E+33
 2.5023810493956E+33 2.5276576256521E+33 2.5531895208607E+33 2.5789793140007E+33
 2.6050296101018E+33 2.6313430405068E+33 2.6579222631382E+33 2.6847699627659E+33
 2.7118888512787E+33 2.7392816679582E+33 2.7669511797558E+33 2.7949001815715E+33
 2.8231314965369E+33 2.8516479762999E+33 2.8804525013130E+33 2.9095479811243E+33
 2.9389373546710E+33 2.9686235905767E+33 2.9986096874512E+33 3.0288986741932E+33
 3.0594936102961E+33 3.0903975861577E+33 3.1216137233916E+33 3.1531451751431E+33
 3.1849951264071E+33 3.2171667943506E+33 3.2496634286370E+33 3.2824883117546E+33
 3.3156447593480E+33 3.3491361205536E+33 3.3829657783369E+33 3.4171371498353E+33
 3.4516536867023E+33 3.4865188754569E+33 3.5217362378352E+33 3.5573093311467E+33
 3.5932417486330E+33 3.6042271714519E+33 3.5474180836656E+33 3.3962988213284E+33
 3.1455827807197E+33 2.8111922161714E+33 2.4244011544623E+33 2.0223795314346E+33
 1.6388875193381E+33 1.2981530017392E+33 1.0129644749463E+33 7.8616365132932E+32
 6.1014310171561E+32 4.7353321912260E+32 3.6751002999477E+32 2.8522523171029E+32
 2.2136384360814E+32 1.7180089911100E+32 1.3333500383014E+32 1.0348154950515E+32
 8.0312226950013E+31 6.2330471746070E+31 4.8374797407943E+31 3.7543772070152E+31
 2.9137792751233E+31 2.2613896249621E+31 1.7550687794186E+31 1.3621122103369E+31
 1.0571378713508E+31 8.2044670810766E+30 6.3675024714095E+30 4.9418307518013E+30
 3.8353642246868E+30 2.9766334532290E+30 2.3101708718695E+30 1.7929279977167E+30
 1.3914948215043E+30 1.0799417716378E+30 8.3814485839580E+29 6.5048581516571E+29
 5.0484327559042E+29 3.9180982423719E+29 3.0408434813604E+29 2.3600043965550E+29
 1.8316038907952E+29 1.4215112555185E+29 1.1032375830391E+29 8.5622478183328E+28
 6.6451767805618E+28 5.1573343100827E+28 4.0026169452345E+28 3.1064386070450E+28
 2.4109128980800E+28 1.8711140754389E+28 1.4521751847998E+28 1.1270359167458E+28
 8.7469471378567E+27 6.7885222729520E+27 5.2685850187564E+27 4.0889588313590E+27
 3.1734487087189E+27 2.4629195651556E+27 1.9114765484504E+27 1.4835005767007E+27
 1.1513476128470E+27 8.9356306726657E+26 6.9349599223860E+26 5.3822355563798E+26
 4.1771632292854E+26 3.2419043093370E+26 2.5160480867049E+26 1.9527096948479E+26
 1.5155016998688E+26 1.1761837452669E+26 9.1283843676972E+25 7.0845564308925E+25
 5.4983376905241E+25 4.2672703159242E+25 3.3118365902754E+25 2.5703226626532E+25
 1.9948322962393E+25 1.5481931307456E+25 1.2015556268096E+25 9.3252960218374E+24
 7.2373799393540E+24 5.6169443054574E+24 4.3593211348562E+24 3.3832774055353E+24
 2.6257680149510E+24 2.0378635393774E+24 1.5815897602064E+24 1.2274748143116E+24
 9.5264553279141E+23 7.3935000585443E+23 5.7381094262333E+23 4.4533576150279E+23
 3.4562592962515E+23 2.6824093988351E+23 2.0818230248994E+23 1.6157068003428E+23
 3.3516886981422E-01 3.3518383335234E-01 3.3519731768695E-01 3.3520991727077E-01
 3.3522192676466E-01 3.3523351888027E-01 3.3524480584629E-01 3.3525586594924E-01
 3.3526675673824E-01 3.3527752272410E-01 3.3528819834825E-01 3.3529881199189E-01
 3.3530938730152E-01 3.3531994439149E-01 3.3533050069003E-01 3.3534107155072E-01
 3.3535167070522E-01 3.3536231060542E-01 3.3537300268718E-01 3.3538375757700E-01
 3.3539458474473E-01 3.3540549415565E-01 3.3541649487710E-01 3.3542759566553E-01
 3.3543880504353E-01 3.3545013136580E-01 3.3546158287657E-01 3.3547316776025E-01
 3.3548489419243E-01 3.3549677037724E-01 3.3550880457469E-01 3.3552100514532E-01
 3.3553338058406E-01 3.3554593955301E-01 3.3555869091331E-01 3.3557164375679E-01
 3.3558480743755E-01 3.3559819160394E-01 3.3561180623127E-01 3.3562566165541E-01
 3.3563976860783E-01 3.3565413825213E-01 3.3566878222258E-01 3.3568371266481E-01
 3.3569894227922E-01 3.3571448436717E-01 3.3573035288069E-01 3.3574656247586E-01
 3.3576312857048E-01 3.3578006740653E-01 3.3579739607840E-01 3.3581513308568E-01
 3.3583329691873E-01 3.3585190838378E-01 3.3587098901424E-01 3.3589056086706E-01
 3.3591064886781E-01 3.3593127891074E-01 3.3595247861615E-01 3.3597427748905E-01
 3.3599670709533E-01 3.3601980125792E-01 3.3604359627584E-01 3.3606813116928E-01
 3.3609344706452E-01 3.3611959005951E-01 3.3614660912218E-01 3.3617455726899E-01
 3.3620349201285E-01 3.3623347585871E-01 3.3626457687460E-01 3.3629686941705E-01
 3.3633043486341E-01 3.3636536249616E-01 3.3640175052741E-01 3.3643970729054E-01
 3.3647935263248E-01 3.3652081954771E-01 3.3656425610550E-01 3.3660982773485E-01
 3.3665771994845E-01 3.3670814160939E-01 3.3676132887354E-01 3.3681754997963E-01
 3.3687711111202E-01 3.3694036363280E-01 3.3700771427521E-01 3.3707963285444E-01
 3.3715667018154E-01 3.3723947524126E-01 3.3732881903568E-01 3.3742562594138E-01
 3.3753101555884E-01 3.3764635948788E-01 3.3777335978245E-01 3.3791415963924E-01
 3.3807150330519E-01 3.3824897346647E-01 3.3845135499721E-01 3.3868521569268E-01
 3.3895986212952E-01 3.3928772089544E-01 3.3968333094767E-01 3.4009989001059E-01
 3.4057674969010E-01 3.4111726559387E-01 3.4172253832070E-01 3.4239120370937E-01
 3.4311948907295E-01 3.4390182299568E-01 3.4473236953195E-01 3.4560787137355E-01
 3.4652924753180E-01 3.4749942384455E-01 3.4852128605684E-01 3.4959769051581E-01
 3.5073147205277E-01 3.5192544930360E-01 3.5318242767639E-01 3.5450520013897E-01
 3.5589654596720E-01 3.5735922756463E-01 3.5889598543641E-01 3.6050953137219E-01
 3.6220253986576E-01 3.6397763777139E-01 3.6583739216882E-01 3.6778429637979E-01
 3.6982075404919E-01 3.7194906117384E-01 3.7417138593193E-01 3.7648974613914E-01
 3.7890598413612E-01 3.8142173890278E-01 3.8403841520763E-01 3.8675714964997E-01
 3.8957877356668E-01 3.9250377298411E-01 3.9553224616803E-01 3.9866385993601E-01
 4.0189780687867E-01 4.0523276717396E-01 4.0866688102476E-01 4.1219774126155E-01
 4.1582242078591E-01 4.1953755684676E-01 4.2333952424350E-01 4.2722474293500E-01
 4.3119018227603E-01 4.3523414324244E-01 4.3935741855377E-01 4.4356494205754E-01
 4.4786803109097E-01 4.5228727927779E-01 4.5685604409506E-01 4.6162425773793E-01
 4.6666193336571E-01 4.7206121287356E-01 4.7793510499443E-01 4.8441024705813E-01
 4.9161025676488E-01 4.9962594752638E-01 5.0846986823748E-01 5.1801731928140E-01
 5.2794696938411E-01 5.3771167141689E-01 5.4658348971589E-01 5.5380054678201E-01
 5.5878028391665E-01 5.6129477655853E-01 5.6151145139065E-01 5.5989687831653E-01
 5.5706469136308E-01 5.5364864303188E-01 5.5023039878346E-01 5.4731044217138E-01
 5.4529914667941E-01 5.4451116666190E-01 5.4515507869429E-01 5.4731523716015E-01
 5.5092366498315E-01 5.5571886998333E-01 5.6119023906854E-01 5.6651804796722E-01
 5.7054648816848E-01 5.7186276576314E-01 5.6905755281516E-01 5.6115074175363E-01
 5.4799942502959E-01 5.3042765609405E-01 5.0997275884841E-01 4.8840572311356E-01
 4.6729108480841E-01 4.4774737092258E-01 4.3041012126950E-01 4.1551635142940E-01
 4.0302843664353E-01 3.9274812315999E-01 3.8440196236826E-01 3.7769718431277E-01
 8.6806017540849E+32 1.3218853298614E+33 1.3352377069307E+33 1.3487249564957E+33
 1.3623484409047E+33 1.3761095362674E+33 1.3900096325933E+33 1.4040501339327E+33
 1.4182324585178E+33 1.4325580389069E+33 1.4470283221282E+33 1.4616447698265E+33
 1.4764088584106E+33 1.4913220792026E+33 1.5063859385885E+33 1.5216019581702E+33
 1.5369716749194E+33 1.5524966413327E+33 1.5681784255886E+33 1.5840186117056E+33
 1.6000187997027E+33 1.6161806057603E+33 1.6325056623841E+33 1.6489956185698E+33
 1.6656521399695E+33 1.6824769090601E+33 1.6994716253132E+33 1.7166380053669E+33
 1.7339777831989E+33 1.7514927103019E+33 1.7691845558605E+33 1.7870551069298E+33
 1.8051061686160E+33 1.8233395642586E+33 1.8417571356147E+33 1.8603607430452E+33
 1.8791522657022E+33 1.8981336017194E+33 1.9173066684034E+33 1.9366734024277E+33
 1.9562357600280E+33 1.9759957172000E+33 1.9959552698989E+33 2.0161164342414E+33
 2.0364812467084E+33 2.0570517643520E+33 2.0778300650020E+33 2.0988182474768E+33
 2.1200184317947E+33 2.1414327593886E+33 2.1630633933218E+33 2.1849125185069E+33
 2.2069823419261E+33 2.2292750928547E+33 2.2517930230855E+33 2.2745384071571E+33
 2.2975135425829E+33 2.3207207500838E+33 2.3441623738220E+33 2.3678407816384E+33
 2.3917583652913E+33 2.4159175406983E+33 2.4403207481801E+33 2.4649704527071E+33
 2.4898691441486E+33 2.5150193375239E+33 2.5404235732564E+33 2.5660844174307E+33
 2.5920044620513E+33 2.6181863253043E+33 2.6446326518225E+33 2.6713461129520E+33
 2.6983294070223E+33 2.7255852596185E+33 2.7531164238570E+33 2.7809256806637E+33
 2.8090158390542E+33 2.8373897364184E+33 2.8660502388065E+33 2.8950002412186E+33
 2.9242426678976E+33 2.9537804726239E+33 2.9836166390140E+33 3.0137541808222E+33
 3.0441961422447E+33 3.0749455982269E+33 3.1060056547747E+33 3.1373794492674E+33
 3.1690701507751E+33 3.2010809603789E+33 3.2334151114938E+33 3.2660758701958E+33
 3.2990665355513E+33 3.3323904399508E+33 3.3660509494453E+33 3.4000514640861E+33
 3.4343954182688E+33 3.4690862810796E+33 3.5041275566461E+33 3.5395227844910E+33
 3.5752755398899E+33 3.5987344600425E+33 3.5758226275588E+33 3.4718584524970E+33
 3.2709408010240E+33 2.9783874984455E+33 2.6177966853168E+33 2.2233903429484E+33
 1.8306335253863E+33 1.4685202605386E+33 1.1555587383427E+33 8.9956406313780E+32
 6.9815337652246E+32 5.4183816041910E+32 4.2052162455868E+32 3.2636763085253E+32
 2.5329453765921E+32 1.9658237135957E+32 1.5256795147057E+32 1.1840827666765E+32
 9.1896888227582E+31 7.1321349348041E+31 5.5352634577006E+31 4.2959284739047E+31
 3.3340782410693E+31 2.5875844500427E+31 2.0082292021904E+31 1.5585904948778E+31
 1.2096250408439E+31 9.3879228972925E+30 7.2859847762430E+30 5.6546666116054E+30
 4.3885974882440E+30 3.4059988389579E+30 2.6434021625492E+30 2.0515494347931E+30
 1.5922114096105E+30 1.2357182965710E+30 9.5904331501680E+29 7.4431533678076E+29
 5.7766454537806E+29 4.4832654991380E+29 3.4794708618661E+29 2.7004239389577E+29
 2.0958041436751E+29 1.6265575731569E+29 1.2623744192788E+29 9.7973118243618E+28
 7.6037122994473E+28 5.9012555453222E+28 4.5799756276586E+28 3.5545277761398E+28
 2.7586757525625E+28 2.1410134867595E+28 1.6616446301193E+28 1.2896055507728E+28
 1.0008653152657E+28 7.7677347054044E+27 6.0285536458542E+27 4.6787719250577E+27
 3.6312037700390E+27 2.8181841369373E+27 2.1871980568030E+27 1.6974885625756E+27
 1.3174240947738E+27 1.0224553400568E+27 7.9352952975258E+26 6.1585977393829E+26
 4.7796993928326E+26 3.7095337693112E+26 2.8789761980209E+26 2.2343788907764E+26
 1.7341056973583E+26 1.3458427225678E+26 1.0445110910183E+26 8.1064703992948E+25
 6.2914470607083E+25 4.8828040032242E+25 3.7895534530998E+25 2.9410796264643E+25
 2.2825774794462E+25 1.7715127134924E+25 1.3748743787776E+25 1.0670426144967E+25
 8.2813379805957E+24 6.4271621224057E+24 4.9881327201568E+24 3.8712992701957E+24
 3.0045227102431E+24 2.3318157771642E+24 1.8097266497919E+24 1.4045322872590E+24
 1.0900601735515E+24 8.4599776932292E+23 6.5658047423888E+23 5.0957335206306E+23
 3.9548084556397E+23 3.0693343475433E+23 2.3821162118673E+23 1.8487649126211E+23
 6.2142569243954E+23
 1.3020902631127E+33 2.6173329531250E+33 3.9458609228350E+33 5.2878083669865E+33
 6.6433108358263E+33 8.0125052487959E+33 9.3955299083611E+33 1.0792524513983E+34
 1.2203630176226E+34 1.3628989431018E+34 1.5068746254040E+34 1.6523046075275E+34
 1.7992035793693E+34 1.9475863792096E+34 2.0974679952098E+34 2.2488635669273E+34
 2.4017883868439E+34 2.5562579019111E+34 2.7122877151104E+34 2.8698935870289E+34
 3.0290914374515E+34 3.1898973469694E+34 3.3523275586036E+34 3.5163984794462E+34
 3.6821266823175E+34 3.8495289074401E+34 4.0186220641296E+34 4.1894232325028E+34
 4.3619496652029E+34 4.5362187891425E+34 4.7122482072633E+34 4.8900557003146E+34
 5.0696592286493E+34 5.2510769340378E+34 5.4343271415010E+34 5.6194283611608E+34
 5.8063992901100E+34 5.9952588143012E+34 6.1860260104539E+34 6.3787201479819E+34
 6.5733606909394E+34 6.7699672999875E+34 6.9685598343794E+34 7.1691583539673E+34
 7.3717831212277E+34 7.5764546033090E+34 7.7831934740981E+34 7.9920206163094E+34
 8.2029571235934E+34 8.4160243026683E+34 8.6312436754712E+34 8.8486369813327E+34
 9.0682261791725E+34 9.2900334497179E+34 9.5140811977435E+34 9.7403920543350E+34
 9.9689888791749E+34 1.0199894762852E+35 1.0433133029192E+35 1.0668727237616E+35
 1.0906701185519E+35 1.1147078910674E+35 1.1389884693659E+35 1.1635143060310E+35
 1.1882878784200E+35 1.2133116889140E+35 1.2385882651705E+35 1.2641201603791E+35
 1.2899099535191E+35 1.3159602496202E+35 1.3422736800252E+35 1.3688529026566E+35
 1.3957006022843E+35 1.4228194907970E+35 1.4502123074766E+35 1.4778818192742E+35
 1.5058308210899E+35 1.5340621360553E+35 1.5625786158183E+35 1.5913831408314E+35
 1.6204786206426E+35 1.6498679941894E+35 1.6795542300951E+35 1.7095403269696E+35
 1.7398293137116E+35 1.7704242498145E+35 1.8013282256761E+35 1.8325443629100E+35
 1.8640758146615E+35 1.8959257659255E+35 1.9280974338690E+35 1.9605940681554E+35
 1.9934189512729E+35 2.0265753988664E+35 2.0600667600720E+35 2.0938964178553E+35
 2.1280677893537E+35 2.1625843262207E+35 2.1974495149753E+35 2.2326668773536E+35
 2.2682399706651E+35 2.3041723881514E+35 2.3402146598659E+35 2.3756888407026E+35
 2.4096518289159E+35 2.4411076567231E+35 2.4692195788848E+35 2.4934635904294E+35
 2.5136873857438E+35 2.5300762609371E+35 2.5430577909545E+35 2.5531874357040E+35
 2.5610490722173E+35 2.5671505032344E+35 2.5718858354257E+35 2.5755609357256E+35
 2.5784131880427E+35 2.5806268264788E+35 2.5823448354699E+35 2.5836781855082E+35
 2.5847130010033E+35 2.5855161232728E+35 2.5861394279902E+35 2.5866231759643E+35
 2.5869986136850E+35 2.5872899916125E+35 2.5875161305750E+35 2.5876916374530E+35
 2.5878278486740E+35 2.5879335624611E+35 2.5880156071319E+35 2.5880792821567E+35
 2.5881287004642E+35 2.5881670541064E+35 2.5881968204410E+35 2.5882199221497E+35
 2.5882378514296E+35 2.5882517663779E+35 2.5882625657956E+35 2.5882709472442E+35
 2.5882774521023E+35 2.5882825005351E+35 2.5882864186333E+35 2.5882894594768E+35
 2.5882918194812E+35 2.5882936510851E+35 2.5882950725963E+35 2.5882961758339E+35
 2.5882970320587E+35 2.5882976965764E+35 2.5882982123098E+35 2.5882986125715E+35
 2.5882989232154E+35 2.5882991643067E+35 2.5882993514181E+35 2.5882994966356E+35
 2.5882996093392E+35 2.5882996968086E+35 2.5882997646939E+35 2.5882998173797E+35
 2.5882998582693E+35 2.5882998900038E+35 2.5882999146330E+35 2.5882999337478E+35
 2.5882999485828E+35 2.5882999600962E+35 2.5882999690319E+35 2.5882999759668E+35
 2.5882999813491E+35 2.5882999855262E+35 2.5882999887681E+35 2.5882999912842E+35
 2.5882999932369E+35 2.5882999947524E+35 2.5882999959286E+35 2.5882999968414E+35
 2.5882999975499E+35 2.5882999980997E+35 2.5882999985264E+35 2.5882999988576E+35
 2.5882999991146E+35 2.5882999993141E+35 2.5882999994689E+35 2.5882999995891E+35
 2.5882999996824E+35 2.5882999997547E+35 2.5882999998109E+35 2.5882999998545E+35
 2.5882999998883E+35 2.5882999999146E+35 2.5882999999350E+35 2.5882999999508E+35
 2.5882999999631E+35 2.5882999999726E+35 2.5882999999800E+35 2.5882999999857E+35
 2.5882999999902E+35 2.5882999999936E+35 2.5882999999963E+35 2.5882999999984E+35
 2.5883000000000E+35
 1.4248657927113E+16 1.3793121380673E+16 1.3397599489841E+16 1.3040361839825E+16
 1.2710542061505E+16 1.2401736508809E+16 1.2109775930721E+16 1.1831756748456E+16
 1.1565556013637E+16 1.1309563306658E+16 1.1062521238705E+16 1.0823425034073E+16
 1.0591456343923E+16 1.0365937976284E+16 1.0146301956694E+16 9.9320663940070E+15
 9.7228183416591E+15 9.5182008496444E+15 9.3179030132557E+15 9.1216522082219E+15
 8.9292079496128E+15 8.7403569804916E+15 8.5549092882582E+15 8.3726948534228E+15
 8.1935609685024E+15 8.0173700088684E+15 7.8439975653733E+15 7.6733308691819E+15
 7.5052674545649E+15 7.3397140169377E+15 7.1765854322862E+15 7.0158039109110E+15
 6.8572982635550E+15 6.7010032621433E+15 6.5468590806088E+15 6.3948108038509E+15
 6.2448079949347E+15 6.0968043123015E+15 5.9507571701066E+15 5.8066274358977E+15
 5.6643791607494E+15 5.5239793377100E+15 5.3853976850335E+15 5.2486064511798E+15
 5.1135802389954E+15 4.9802958468476E+15 4.8487321247853E+15 4.7188698440606E+15
 4.5906915785606E+15 4.4641815968853E+15 4.3393257639722E+15 4.2161114513924E+15
 4.0945274542804E+15 3.9745639179481E+15 3.8562122677948E+15 3.7394651463326E+15
 3.6243163572267E+15 3.5107608108242E+15 3.3987944755773E+15 3.2884143335130E+15
 3.1796183394365E+15 3.0724053836012E+15 2.9667752576062E+15 2.8627286233184E+15
 2.7602669846521E+15 2.6593926635292E+15 2.5601087754706E+15 2.4624192091325E+15
 2.3663286082573E+15 2.2718423559908E+15 2.1789665615631E+15 2.0877080493499E+15
 1.9980743502602E+15 1.9100736955678E+15 1.8237150132841E+15 1.7390079272082E+15
 1.6559627588314E+15 1.5745905323285E+15 1.4949029829241E+15 1.4169125689974E+15
 1.3406324883740E+15 1.2660766993593E+15 1.1932599471997E+15 1.1221977968196E+15
 1.0529066728870E+15 9.8540390852188E+14 9.1970780428926E+14 8.5583769859769E+14
 7.9381405518421E+14 7.3365856789880E+14 6.7539428831111E+14 6.1904578193233E+14
 5.6463932075775E+14 5.1220312253087E+14 4.6176765100166E+14 4.1336599712867E+14
 3.6703436970367E+14 3.2281273703861E+14 2.8074568230499E+14 2.4088356968343E+14
 2.0328417705103E+14 1.6813865190166E+14 1.3591071234216E+14 1.0721111465580E+14
 8.2558894285338E+13 6.2188136418380E+13 4.5986135049843E+13 3.3542600058850E+13
 2.4264581929453E+13 1.7501717413112E+13 1.2642746903591E+13 9.1695184936906E+12
 6.6804101523099E+12 4.8872593358668E+12 3.5892181955766E+12 2.6453560543387E+12
 1.9561659328498E+12 1.4509785296293E+12 1.0793309755233E+12 8.0500529484927E+11
 6.0188314775172E+11 4.5104528803121E+11 3.3872991171420E+11 2.5488751556761E+11
 1.9215258099848E+11 1.4510821436103E+11 1.0975781516004E+11 8.3143807485901E+10
 6.3071351750920E+10 4.7907344334074E+10 3.6433648180242E+10 2.7739549042744E+10
 2.1142695331821E+10 1.6130797995067E+10 1.2318514179259E+10 9.4154729638623E+09
 7.2025028248591E+09 5.5139142115765E+09 4.2242648659882E+09 3.2384525158544E+09
 2.4842834544848E+09 1.9068877081272E+09 1.4645144638272E+09 1.1253613278784E+09
 8.6517944388604E+08 6.6546193977683E+08 5.1207170846087E+08 3.9420061140405E+08
 3.0357908364400E+08 2.3387519929641E+08 1.8023728333741E+08 1.3894542196402E+08
 1.0714568665684E+08 8.2647254869200E+07 6.3767409532592E+07 4.9213022259644E+07
 3.7989863681349E+07 2.9333157410691E+07 2.2654365448918E+07 1.7500385342898E+07
 1.3522245449158E+07 1.0451073825571E+07 8.0796410095173E+06 6.2481768551521E+06
 4.8334666260501E+06 3.7404643314813E+06 2.8958390652396E+06 2.2430060217066E+06
 1.7382980647726E+06 1.3480139335166E+06 1.0461410168784E+06 8.1259808451632E+05
 6.3187941442720E+05 4.9200899838899E+05 3.8373420180836E+05 2.9990417323842E+05
 2.3499066490549E+05 1.8471856067947E+05 1.4578089872545E+05 1.1561897661579E+05
 9.2252602272128E+04 7.4148998977307E+04 6.0121520666471E+04 4.9251368030774E+04
 4.0827058939563E+04 3.4297608334252E+04 2.9236297977091E+04 2.5312630282110E+04
 2.2270611747510E+04 1.9911936323906E+04 1.8082964846236E+04 1.6664645897628E+04
 1.5564714935456E+04 1.4711656822217E+04 1.4050032502271E+04 1.3536860731251E+04
 1.3138815878532E+04 1.2830057139692E+04 1.2590546464411E+04 1.2404744895664E+04
 1.4202965079666E+00 1.4204200898243E+00 1.4205310224349E+00 1.4206343031583E+00
 1.4207324093041E+00 1.4208267919246E+00 1.4209183924794E+00 1.4210078660778E+00
 1.4210956926163E+00 1.4211822631398E+00 1.4212678400354E+00 1.4213526559491E+00
 1.4214369030961E+00 1.4215207433976E+00 1.4216043156083E+00 1.4216877404638E+00
 1.4217711244863E+00 1.4218545628554E+00 1.4219381416131E+00 1.4220219393869E+00
 1.4221060025333E+00 1.4221904245297E+00 1.4222752689148E+00 1.4223605959046E+00
 1.4224464630062E+00 1.4225329255349E+00 1.4226200370558E+00 1.4227078497649E+00
 1.4227964150890E+00 1.4228857837834E+00 1.4229760056913E+00 1.4230671304139E+00
 1.4231592075305E+00 1.4232522868009E+00 1.4233464183566E+00 1.4234416528803E+00
 1.4235380417803E+00 1.4236356373579E+00 1.4237344929741E+00 1.4238346632135E+00
 1.4239362040499E+00 1.4240391730142E+00 1.4241436293652E+00 1.4242496342668E+00
 1.4243572509710E+00 1.4244665450098E+00 1.4245775843964E+00 1.4246904398377E+00
 1.4248051849607E+00 1.4249218965528E+00 1.4250406533144E+00 1.4251615542477E+00
 1.4252846623817E+00 1.4254100896408E+00 1.4255379333946E+00 1.4256682667702E+00
 1.4258012199390E+00 1.4259369063568E+00 1.4260754458691E+00 1.4262169652656E+00
 1.4263615988864E+00 1.4265094892881E+00 1.4266607879792E+00 1.4268156562346E+00
 1.4269742374646E+00 1.4271367410143E+00 1.4273033632140E+00 1.4274743144539E+00
 1.4276498206018E+00 1.4278301241807E+00 1.4280154858841E+00 1.4282061883846E+00
 1.4284025376146E+00 1.4286048654290E+00 1.4288135326570E+00 1.4290289326139E+00
 1.4292514951589E+00 1.4294816914041E+00 1.4297200392033E+00 1.4299671095832E+00
 1.4302235343155E+00 1.4304900148840E+00 1.4307673331651E+00 1.4310563642307E+00
 1.4313580918012E+00 1.4316736270335E+00 1.4320042574165E+00 1.4323513963503E+00
 1.4327166987787E+00 1.4331020788719E+00 1.4335097671223E+00 1.4339423840491E+00
 1.4344030366667E+00 1.4348954466967E+00 1.4354241239277E+00 1.4359946052230E+00
 1.4366137914140E+00 1.4372904344090E+00 1.4380358626157E+00 1.4388651292785E+00
 1.4397987208317E+00 1.4408615317455E+00 1.4420770148329E+00 1.4428151053213E+00
 1.4434594483206E+00 1.4439893950794E+00 1.4443926839080E+00 1.4446671095479E+00
 1.4448197077173E+00 1.4448641628545E+00 1.4448173745040E+00 1.4446959143405E+00
 1.4445131922580E+00 1.4442790858560E+00 1.4440009707442E+00 1.4436843374959E+00
 1.4433332519944E+00 1.4429507015112E+00 1.4425388565482E+00 1.4420992700711E+00
 1.4416330299025E+00 1.4411408758890E+00 1.4406232904664E+00 1.4400805690646E+00
 1.4395128751868E+00 1.4389202838034E+00 1.4383028157962E+00 1.4376604655130E+00
 1.4369932229600E+00 1.4363010917566E+00 1.4355841036425E+00 1.4348423300596E+00
 1.4340758910923E+00 1.4332849618377E+00 1.4324697760653E+00 1.4316306268137E+00
 1.4307678633405E+00 1.4298818835893E+00 1.4289731210569E+00 1.4280420246403E+00
 1.4270890297173E+00 1.4261145184071E+00 1.4251187666983E+00 1.4241018760210E+00
 1.4230636870011E+00 1.4220036737806E+00 1.4209208187240E+00 1.4198134699761E+00
 1.4186791887554E+00 1.4175146001151E+00 1.4163152708708E+00 1.4150756520047E+00
 1.4137891400577E+00 1.4124483316471E+00 1.4110455641109E+00 1.4095738472667E+00
 1.4080282864322E+00 1.4064080611303E+00 1.4047189398175E+00 1.4029761598869E+00
 1.4012072688966E+00 1.3994542061245E+00 1.3977735408342E+00 1.3962335060304E+00
 1.3949065767021E+00 1.3938573189747E+00 1.3931274110528E+00 1.3927224714205E+00
 1.3926064830346E+00 1.3927070061222E+00 1.3929289670892E+00 1.3931708960750E+00
 1.3933380781461E+00 1.3933506152787E+00 1.3931473722140E+00 1.3926876454844E+00
 1.3919518120432E+00 1.3909413061708E+00 1.3896776189853E+00 1.3881996767008E+00
 1.3865588101410E+00 1.3848105321642E+00 1.3830026879780E+00 1.3811607440441E+00
 1.3792736084049E+00 1.3772870829409E+00 1.3751139644945E+00 1.3726647415419E+00
 1.3698891991595E+00 1.3668069657787E+00 1.3635091372092E+00 1.3601325544360E+00
 1.3568237730845E+00 1.3537093243419E+00 1.3508794267689E+00 1.3483843506099E+00
 1.3462392497583E+00 1.3444329922437E+00 1.3429376078740E+00 1.3417163934884E+00
 3.6710522233009E-01 3.6717565102015E-01 3.6723894529715E-01 3.6729793689496E-01
 3.6735402935671E-01 3.6740804481123E-01 3.6746051678260E-01 3.6751181668096E-01
 3.6756221676085E-01 3.6761193934768E-01 3.6766113337190E-01 3.6770993128721E-01
 3.6775844272028E-01 3.6780676020944E-01 3.6785496323988E-01 3.6790312115817E-01
 3.6795129532720E-01 3.6799954075233E-01 3.6804790733115E-01 3.6809644083018E-01
 3.6814516835383E-01 3.6819414464591E-01 3.6824340714251E-01 3.6829299147493E-01
 3.6834293182011E-01 3.6839326119710E-01 3.6844401172084E-01 3.6849521482217E-01
 3.6854690159768E-01 3.6859910286619E-01 3.6865184902716E-01 3.6870517045459E-01
 3.6875909762769E-01 3.6881366125272E-01 3.6886889237812E-01 3.6892482250455E-01
 3.6898148369163E-01 3.6903890866259E-01 3.6909713090800E-01 3.6915618478985E-01
 3.6921610564681E-01 3.6927692990182E-01 3.6933869517284E-01 3.6940144038778E-01
 3.6946520590450E-01 3.6953003363690E-01 3.6959596718809E-01 3.6966305199175E-01
 3.6973133546279E-01 3.6980086715859E-01 3.6987169804932E-01 3.6994389157490E-01
 3.7001748989511E-01 3.7009256485349E-01 3.7016917992795E-01 3.7024738434910E-01
 3.7032726212282E-01 3.7040888764918E-01 3.7049233966961E-01 3.7057770164718E-01
 3.7066506218327E-01 3.7075451547668E-01 3.7084616183154E-01 3.7094010822109E-01
 3.7103645149176E-01 3.7113532955887E-01 3.7123687339779E-01 3.7134122363856E-01
 3.7144853155625E-01 3.7155895993055E-01 3.7167268413019E-01 3.7178989463518E-01
 3.7191079803276E-01 3.7203561889481E-01 3.7216460193413E-01 3.7229801449071E-01
 3.7243614941046E-01 3.7257932839300E-01 3.7272790590308E-01 3.7288227376304E-01
 3.7304286657349E-01 3.7321016814747E-01 3.7338471919355E-01 3.7356712654949E-01
 3.7375807435647E-01 3.7395833768285E-01 3.7416881580963E-01 3.7439050265754E-01
 3.7462456379383E-01 3.7487235208138E-01 3.7513544973453E-01 3.7541572280613E-01
 3.7571539277255E-01 3.7603713205669E-01 3.7638419373768E-01 3.7676059119001E-01
 3.7717135252201E-01 3.7762289038420E-01 3.7812355581748E-01 3.7868451777574E-01
 3.7932109308073E-01 3.8005230359089E-01 3.8089710698806E-01 3.8141400420003E-01
 3.8186780196337E-01 3.8224272962409E-01 3.8252894763194E-01 3.8272396422261E-01
 3.8283219076995E-01 3.8286310791349E-01 3.8282874152918E-01 3.8274102911077E-01
 3.8260971305688E-01 3.8244203558208E-01 3.8224345833865E-01 3.8201809576638E-01
 3.8176904243215E-01 3.8149862144053E-01 3.8120857371333E-01 3.8090020274881E-01
 3.8057448572470E-01 3.8023215907043E-01 3.7987378461250E-01 3.7949980089343E-01
 3.7911056313832E-01 3.7870637449410E-01 3.7828751052312E-01 3.7785423844144E-01
 3.7740683221418E-01 3.7694558432625E-01 3.7647081481400E-01 3.7598287795526E-01
 3.7548216685751E-01 3.7496911604758E-01 3.7444420204049E-01 3.7390794174561E-01
 3.7336088844881E-01 3.7280362498475E-01 3.7223675358796E-01 3.7166088178252E-01
 3.7107660354774E-01 3.7048447490057E-01 3.6988498298874E-01 3.6927850784291E-01
 3.6866527616351E-01 3.6804530702661E-01 3.6741835033641E-01 3.6678382043137E-01
 3.6614072971780E-01 3.6548763082185E-01 3.6482258073712E-01 3.6414314683578E-01
 3.6344648202600E-01 3.6272950367360E-01 3.6198921595146E-01 3.6122321443819E-01
 3.6043040012006E-01 3.5961190188581E-01 3.5877215749151E-01 3.5792003127429E-01
 3.5706975635174E-01 3.5624139047614E-01 3.5546038941441E-01 3.5475587204485E-01
 3.5415726106704E-01 3.5368936243320E-01 3.5336668074459E-01 3.5318864754569E-01
 3.5313777734338E-01 3.5318184803114E-01 3.5327931891105E-01 3.5338579629977E-01
 3.5345951397123E-01 3.5346502346547E-01 3.5337535410328E-01 3.5317321092635E-01
 3.5285155364943E-01 3.5241357194182E-01 3.5187188072745E-01 3.5124672980089E-01
 3.5056308512383E-01 3.4984653897190E-01 3.4911818059677E-01 3.4838897543854E-01
 3.4765506662808E-01 3.4689660187085E-01 3.4608311928846E-01 3.4518624051332E-01
 3.4419500940459E-01 3.4312498742445E-01 3.4201515459263E-01 3.4091531448025E-01
 3.3987219639731E-01 3.3892050320383E-01 3.3808013776052E-01 3.3735772198366E-01
 3.3675002324907E-01 3.3624761517316E-01 3.3583793420070E-01 3.3550747564992E-01
 1.3784684744643E-02 1.3784684744643E-02 2.0761081384334E-02 2.7796568047767E-02
 3.4892382546969E-02 4.2049525640976E-02 4.9268864036320E-02 5.6551179649865E-02
 6.3897196596727E-02 7.1307589991545E-02 7.8783008745744E-02 8.6324086204909E-02
 9.3931429387946E-02 1.0160562904553E-01 1.0934726210500E-01 1.1715689345248E-01
 1.2503507723460E-01 1.3298235780199E-01 1.4099927037915E-01 1.4908634151946E-01
 1.5724410631078E-01 1.6547307757404E-01 1.7377374134967E-01 1.8214659119199E-01
 1.9059211218551E-01 1.9911078069259E-01 2.0770306402600E-01 2.1636942005056E-01
 2.2511029646944E-01 2.3392613017498E-01 2.4281734728599E-01 2.5178436262101E-01
 2.6082757858004E-01 2.6994738433916E-01 2.7914415497352E-01 2.8841825050516E-01
 2.9777001487179E-01 3.0719977481152E-01 3.1670783865825E-01 3.2629449504140E-01
 3.3596001148320E-01 3.4570463288550E-01 3.5552857989748E-01 3.6543204715446E-01
 3.7541520137701E-01 3.8547817931819E-01 3.9562108554545E-01 4.0584399004213E-01
 4.1614692561189E-01 4.2652988506721E-01 4.3699282091280E-01 4.4753561148971E-01
 4.5815812729189E-01 4.6886017757854E-01 4.7964146396962E-01 5.6466423135601E-02
 5.0144057227022E-01 5.1245750996391E-01 5.2355199018544E-01 5.3472338328212E-01
 5.4597096605673E-01 5.5729391365460E-01 5.6869129061622E-01 5.8016204098658E-01
 3.1953396887661E-01 3.0478712031707E-01 2.9102663002552E-01 2.7841862803980E-01
 2.6711160514163E-01 2.7215112323830E-01 3.1545493772395E-01 3.5762694035315E-01
 3.9857442706332E-01 4.3821923359118E-01 4.7649733582834E-01 5.1335787080146E-01
 5.4876272259619E-01 5.8268500597707E-01 6.1510885157877E-01 6.4602895730535E-01
 6.7544907474388E-01 7.0338218357447E-01 7.2984947149266E-01 7.5487991440147E-01
 7.7850968040013E-01 8.0078151697127E-01 5.6571922090689E-01 6.2903267726835E-01
 6.8599962628418E-01 7.3694523793794E-01 7.8221461478830E-01 8.2217019180883E-01
 8.5718862390371E-01 8.8765689054029E-01 9.1396795691962E-01 9.3651455954829E-01
 9.5567946462242E-01 9.7181698069277E-01 9.8520483215028E-01 9.7430436457266E-01
 9.9344321669934E-01 9.9999999149280E-01 9.9999999486217E-01 9.9999999709210E-01
 9.9999999846479E-01 9.9999999924400E-01 9.9999999965119E-01 9.9999999984790E-01
 9.9999999993656E-01 9.9999999997434E-01 9.9999999998980E-01 9.9999999999597E-01
 9.9999999999841E-01 9.9999999999938E-01 9.9999999999976E-01 9.9999999999991E-01
 9.9999999999996E-01 9.9999999999999E-01 1.0000000000000E+00 1.0000000000000E+00
 1.0000000000000E+00 1.0000000000000E+00 1.0000000000000E+00 1.0000000000000E+00
 1.0000000000000E+00 1.0000000000000E+00 1.0000000000000E+00 1.0000000000000E+00
 1.0000000000000E+00 1.0000000000000E+00 1.0000000000000E+00 1.0000000000000E+00
 1.0000000000000E+00 1.0000000000000E+00 1.0000000000000E+00 1.0000000000000E+00
 1.0000000000000E+00 1.0000000000000E+00 1.0000000000000E+00 1.0000000000000E+00
 1.0000000000000E+00 1.0000000000000E+00 1.0000000000000E+00 1.0000000000000E+00
 1.0000000000000E+00 1.0000000000000E+00 1.0000000000000E+00 1.0000000000000E+00
 1.0000000000000E+00 1.0000000000000E+00 1.0000000000000E+00 1.0000000000000E+00
 1.0000000000000E+00 1.0000000000000E+00 1.0000000000000E+00 1.0000000000000E+00
 1.0000000000000E+00 1.0000000000000E+00 1.0000000000000E+00 1.0000000000000E+00
 1.0000000000000E+00 1.0000000000000E+00 1.0000000000000E+00 1.0000000000000E+00
 1.0000000000000E+00 1.0000000000000E+00 1.0000000000000E+00 1.0000000000000E+00
 1.0000000000000E+00 1.0000000000000E+00 1.0000000000000E+00 1.0000000000000E+00
 1.0000000000000E+00 1.0000000000000E+00 1.0000000000000E+00 1.0000000000000E+00
 1.0000000000000E+00 1.0000000000000E+00 1.0000000000000E+00 1.0000000000000E+00
 1.0000000000000E+00 1.0000000000000E+00 1.0000000000000E+00 1.0000000000000E+00
 1.0000000000000E+00 1.0000000000000E+00 1.0000000000000E+00 1.0000000000000E+00
 1.0000000000000E+00 1.0000000000000E+00 1.0000000000000E+00 1.0000000000000E+00
 1.0000000000000E+00 1.0000000000000E+00 1.0000000000000E+00 1.0000000000000E+00
 1.0000000000000E+00 1.0000000000000E+00 1.0000000000000E+00 1.0000000000000E+00
 1.0000000000000E+00
 4.9776091333682E+05 4.3248117439569E+05 3.8121305700936E+05 3.3896318416851E+05
 3.0317760123725E+05 2.7232302818696E+05 2.4538557443632E+05 2.2164980965312E+05
 2.0058675244173E+05 1.8179115364131E+05 1.6494414099180E+05 1.4978897112025E+05
 1.3611522535180E+05 1.2374783268846E+05 1.1253926537055E+05 1.0236384530002E+05
 9.3113497639336E+04 8.4694522500096E+04 7.7025099111217E+04 7.0033327468914E+04
 6.3655706264126E+04 5.7835769871752E+04 5.2523186452479E+04 4.7672880327782E+04
 4.3244339338752E+04 3.9201036500952E+04 3.5509943503609E+04 3.2141118659109E+04
 2.9067355522179E+04 2.6263881951784E+04 2.3708100767563E+04 2.1379364457408E+04
 1.9258779283982E+04 1.7329033927409E+04 1.5574248945025E+04 1.3979843980138E+04
 1.2532420174242E+04 1.1219655659584E+04 1.0030212352189E+04 8.9536525462968E+03
 7.9803640419048E+03 7.1014927279550E+03 6.3088817020840E+03 5.5950161401144E+03
 4.9529732391935E+03 4.3763766517781E+03 3.8593549064322E+03 3.3965033782406E+03
 2.9828494285300E+03 2.6138203821820E+03 2.2852141347977E+03 1.9931710520303E+03
 1.7341517376056E+03 1.5049095360244E+03 1.3024722374015E+03 1.1241218447699E+03
 9.6737351936109E+02 8.2996079144672E+02 7.0981862364193E+02 6.0506838793912E+02
 5.1400384472785E+02 4.3507804750702E+02 3.6689110504033E+02 3.0817873975783E+02
 2.5780177743555E+02 2.1473552321139E+02 1.7806106687957E+02 1.4695628605549E+02
 1.2068766104944E+02 9.8602627343710E+01 8.0122432593019E+01 6.4735467893165E+01
 5.1991059500305E+01 4.1493685115049E+01 3.2897596760805E+01 2.5901829720939E+01
 2.0245578299348E+01 1.5703920295155E+01 1.2083873053271E+01 9.2207647840979E+00
 6.9749055513751E+00 5.2285429187840E+00 3.8830877339226E+00 2.8565959232652E+00
 2.0814924845335E+00 1.5025241055933E+00 1.0749262956226E+00 7.6279590891293E-01
 5.3764651836795E-01 3.7714449909888E-01 2.6400650949591E-01 1.8504710111448E-01
 1.3036379549658E-01 9.2647146130317E-02 6.6603529335100E-02 4.8478686919767E-02
 3.5670382957833E-02 2.6418942961220E-02 1.9564921099762E-02 1.4363692996656E-02
 1.0347406254631E-02 7.2353622243804E-03 4.8652438594301E-03 3.1281639369592E-03
 1.9172642642538E-03 1.1210738670029E-03 6.2796021556314E-04 3.3929735837930E-04
 1.7841443621523E-04 9.2176034803481E-05 4.7185278334980E-05 2.4055491467444E-05
 1.2227556219696E-05 6.1937092522296E-06 3.1248463732983E-06 1.5695106526465E-06
 7.8443492450069E-07 3.8995376168070E-07 1.9272839278031E-07 9.4661475244869E-08
 4.6186984001588E-08 0.0000000000000E+00 0.0000000000000E+00 0.0000000000000E+00
 0.0000000000000E+00 0.0000000000000E+00 0.0000000000000E+00 0.0000000000000E+00
 0.0000000000000E+00 0.0000000000000E+00 0.0000000000000E+00 0.0000000000000E+00
 0.0000000000000E+00 0.0000000000000E+00 0.0000000000000E+00 0.0000000000000E+00
 0.0000000000000E+00 0.0000000000000E+00 0.0000000000000E+00 0.0000000000000E+00
 0.0000000000000E+00 0.0000000000000E+00 0.0000000000000E+00 0.0000000000000E+00
 0.0000000000000E+00 0.0000000000000E+00 0.0000000000000E+00 0.0000000000000E+00
 0.0000000000000E+00 0.0000000000000E+00 0.0000000000000E+00 0.0000000000000E+00
 0.0000000000000E+00 0.0000000000000E+00 0.0000000000000E+00 0.0000000000000E+00
 0.0000000000000E+00 0.0000000000000E+00 0.0000000000000E+00 0.0000000000000E+00
 0.0000000000000E+00 0.0000000000000E+00 0.0000000000000E+00 0.0000000000000E+00
 0.0000000000000E+00 0.0000000000000E+00 0.0000000000000E+00 0.0000000000000E+00
 0.0000000000000E+00 0.0000000000000E+00 0.0000000000000E+00 0.0000000000000E+00
 0.0000000000000E+00 0.0000000000000E+00 0.0000000000000E+00 0.0000000000000E+00
 0.0000000000000E+00 0.0000000000000E+00 0.0000000000000E+00 0.0000000000000E+00
 0.0000000000000E+00 0.0000000000000E+00 0.0000000000000E+00 0.0000000000000E+00
 0.0000000000000E+00 0.0000000000000E+00 0.0000000000000E+00 0.0000000000000E+00
 0.0000000000000E+00 0.0000000000000E+00 0.0000000000000E+00 0.0000000000000E+00
 0.0000000000000E+00 0.0000000000000E+00 0.0000000000000E+00 0.0000000000000E+00
 0.0000000000000E+00 0.0000000000000E+00 0.0000000000000E+00 0.0000000000000E+00
 1.3983996584045E+01 1.4025053594286E+01 1.4061914914420E+01 1.4096239027151E+01
 1.4128847970143E+01 1.4160223170150E+01 1.4190676928467E+01 1.4220426512571E+01
 1.4249631038787E+01 1.4278412027523E+01 1.4306864562251E+01 1.4335065650815E+01
 1.4363078876436E+01 1.4390957757953E+01 1.4418748111591E+01 1.4446489755818E+01
 1.4474217770668E+01 1.4501963446789E+01 1.4529755013463E+01 1.4557618205938E+01
 1.4585576416352E+01 1.4613651939093E+01 1.4641865380245E+01 1.4670236187983E+01
 1.4698782849226E+01 1.4727523053592E+01 1.4756473831162E+01 1.4785651669042E+01
 1.4815072613650E+01 1.4844752353289E+01 1.4874706285093E+01 1.4904949582419E+01
 1.4935497248398E+01 1.4966364161570E+01 1.4997565114390E+01 1.5029114845088E+01
 1.5061028063197E+01 1.5093319468830E+01 1.5126003765626E+01 1.5159095667063E+01
 1.5192609895668E+01 1.5226561174412E+01 1.5260964209375E+01 1.5295833662460E+01
 1.5331184112680E+01 1.5367030004141E+01 1.5403385578455E+01 1.5440264788832E+01
 1.5477681192471E+01 1.5515647817226E+01 1.5554176979770E+01 1.5593280299766E+01
 1.5632967785061E+01 1.5673248536870E+01 1.5714129633865E+01 1.5755615579144E+01
 1.5797708728461E+01 1.5840407775274E+01 1.5883707246489E+01 1.5927596567196E+01
 1.5972058925419E+01 1.6017069891271E+01 1.6062595733004E+01 1.6108591356875E+01
 1.6154997460220E+01 1.6201738340689E+01 1.6248717125365E+01 1.6295811248510E+01
 1.6342866419379E+01 1.6389689018719E+01 1.6436036468108E+01 1.6481604980252E+01
 1.6526013837555E+01 1.6568785180792E+01 1.6609317909773E+01 1.6646853889273E+01
 1.6680434130002E+01 1.6708841985931E+01 1.6730529704684E+01 1.6743523984865E+01
 1.6745305774603E+01 1.6732659915519E+01 1.6701492458676E+01 1.6646619573761E+01
 1.6561545542607E+01 1.6438274273655E+01 1.6267246818606E+01 1.6037580007826E+01
 1.5737881713080E+01 1.5358032760891E+01 1.4892308196898E+01 1.4343864853366E+01
 1.3729679546623E+01 1.3083573883959E+01 1.2454037701480E+01 1.1895005113646E+01
 1.1452099008677E+01 1.1151014865758E+01 1.0994070178292E+01 1.0965515398213E+01
 1.1041250800730E+01 1.1197311095193E+01 1.1413665591019E+01 1.1668729237490E+01
 1.1956605639664E+01 1.2271786540154E+01 1.2610637249525E+01 1.2969681207278E+01
 1.3344807321610E+01 1.3731402561429E+01 1.4125183595000E+01 1.4523525874671E+01
 1.4925948937268E+01 1.5332872512123E+01 1.5744651607858E+01 1.6161601625534E+01
 1.6584012652060E+01 1.7012157815196E+01 1.7446298355505E+01 1.7886686858586E+01
 1.8333569436309E+01 0.0000000000000E+00 0.0000000000000E+00 0.0000000000000E+00
 0.0000000000000E+00 0.0000000000000E+00 0.0000000000000E+00 0.0000000000000E+00
 0.0000000000000E+00 0.0000000000000E+00 0.0000000000000E+00 0.0000000000000E+00
 0.0000000000000E+00 0.0000000000000E+00 0.0000000000000E+00 0.0000000000000E+00
 0.0000000000000E+00 0.0000000000000E+00 0.0000000000000E+00 0.0000000000000E+00
 0.0000000000000E+00 0.0000000000000E+00 0.0000000000000E+00 0.0000000000000E+00
 0.0000000000000E+00 0.0000000000000E+00 0.0000000000000E+00 0.0000000000000E+00
 0.0000000000000E+00 0.0000000000000E+00 0.0000000000000E+00 0.0000000000000E+00
 0.0000000000000E+00 0.0000000000000E+00 0.0000000000000E+00 0.0000000000000E+00
 0.0000000000000E+00 0.0000000000000E+00 0.0000000000000E+00 0.0000000000000E+00
 0.0000000000000E+00 0.0000000000000E+00 0.0000000000000E+00 0.0000000000000E+00
 0.0000000000000E+00 0.0000000000000E+00 0.0000000000000E+00 0.0000000000000E+00
 0.0000000000000E+00 0.0000000000000E+00 0.0000000000000E+00 0.0000000000000E+00
 0.0000000000000E+00 0.0000000000000E+00 0.0000000000000E+00 0.0000000000000E+00
 0.0000000000000E+00 0.0000000000000E+00 0.0000000000000E+00 0.0000000000000E+00
 0.0000000000000E+00 0.0000000000000E+00 0.0000000000000E+00 0.0000000000000E+00
 0.0000000000000E+00 0.0000000000000E+00 0.0000000000000E+00 0.0000000000000E+00
 0.0000000000000E+00 0.0000000000000E+00 0.0000000000000E+00 0.0000000000000E+00
 0.0000000000000E+00 0.0000000000000E+00 0.0000000000000E+00 0.0000000000000E+00
 0.0000000000000E+00 0.0000000000000E+00 0.0000000000000E+00 0.0000000000000E+00
-1.0035915765596E+00-1.0035957070262E+00-1.0035994157403E+00-1.0036028694420E+00
-1.0036061507695E+00-1.0036093081140E+00-1.0036123728611E+00-1.0036153668404E+00
-1.0036183060333E+00-1.0036212034660E+00-1.0036240678470E+00-1.0036269069001E+00
-1.0036297269968E+00-1.0036325334935E+00-1.0036353309688E+00-1.0036381233949E+00
-1.0036409142634E+00-1.0036437066807E+00-1.0036465034404E+00-1.0036493070798E+00
-1.0036521190353E+00-1.0036549423325E+00-1.0036577789721E+00-1.0036606308295E+00
-1.0036634996741E+00-1.0036663871844E+00-1.0036692949602E+00-1.0036722245332E+00
-1.0036751773841E+00-1.0036781549425E+00-1.0036811585745E+00-1.0036841896013E+00
-1.0036872493019E+00-1.0036903389135E+00-1.0036934596320E+00-1.0036966126105E+00
-1.0036997989565E+00-1.0037030197274E+00-1.0037062759254E+00-1.0037095684890E+00
-1.0037128982840E+00-1.0037162660910E+00-1.0037196725906E+00-1.0037231183456E+00
-1.0037266037787E+00-1.0037301291466E+00-1.0037336945078E+00-1.0037372996850E+00
-1.0037409442191E+00-1.0037446273147E+00-1.0037483477228E+00-1.0037521042812E+00
-1.0037558938855E+00-1.0037597142655E+00-1.0037635616665E+00-1.0037674303395E+00
-1.0037713151043E+00-1.0037752085696E+00-1.0037791016099E+00-1.0037829830052E+00
-1.0037868390015E+00-1.0037906527719E+00-1.0037944037545E+00-1.0037980668369E+00
-1.0038016103789E+00-1.0038049977757E+00-1.0038081831753E+00-1.0038111104086E+00
-1.0038137105433E+00-1.0038158987846E+00-1.0038175705599E+00-1.0038185966080E+00
-1.0038188165952E+00-1.0038180309703E+00-1.0038159904754E+00-1.0038123825953E+00
-1.0038068140106E+00-1.0037987878577E+00-1.0037876742872E+00-1.0037726725019E+00
-1.0037527622111E+00-1.0037266424798E+00-1.0036926566676E+00-1.0036487043354E+00
-1.0035921460735E+00-1.0035197175312E+00-1.0034274883762E+00-1.0033109307197E+00
-1.0031652131125E+00-1.0029858711207E+00-1.0027700168600E+00-1.0025181192112E+00
-1.0022360217304E+00-1.0019362820238E+00-1.0016375078336E+00-1.0013608715060E+00
-1.0011246824808E+00-1.0009396057828E+00-1.0008069797524E+00-1.0007205984660E+00
-1.0006703099884E+00-1.0006454938615E+00-1.0006370363314E+00-1.0006346579833E+00
-1.0006357373031E+00-1.0006378168351E+00-1.0006397757739E+00-1.0006412053673E+00
-1.0006420171830E+00-1.0006422507550E+00-1.0006419898168E+00-1.0006413232471E+00
-1.0006403243789E+00-1.0006390477087E+00-1.0006375342051E+00-1.0006358145866E+00
-1.0006339118102E+00-1.0006318429570E+00-1.0006296206656E+00-1.0006272542263E+00
-1.0006247504191E+00 0.0000000000000E+00 0.0000000000000E+00 0.0000000000000E+00
 0.0000000000000E+00 0.0000000000000E+00 0.0000000000000E+00 0.0000000000000E+00
 0.0000000000000E+00 0.0000000000000E+00 0.0000000000000E+00 0.0000000000000E+00
 0.0000000000000E+00 0.0000000000000E+00 0.0000000000000E+00 0.0000000000000E+00
 0.0000000000000E+00 0.0000000000000E+00 0.0000000000000E+00 0.0000000000000E+00
 0.0000000000000E+00 0.0000000000000E+00 0.0000000000000E+00 0.0000000000000E+00
 0.0000000000000E+00 0.0000000000000E+00 0.0000000000000E+00 0.0000000000000E+00
 0.0000000000000E+00 0.0000000000000E+00 0.0000000000000E+00 0.0000000000000E+00
 0.0000000000000E+00 0.0000000000000E+00 0.0000000000000E+00 0.0000000000000E+00
 0.0000000000000E+00 0.0000000000000E+00 0.0000000000000E+00 0.0000000000000E+00
 0.0000000000000E+00 0.0000000000000E+00 0.0000000000000E+00 0.0000000000000E+00
 0.0000000000000E+00 0.0000000000000E+00 0.0000000000000E+00 0.0000000000000E+00
 0.0000000000000E+00 0.0000000000000E+00 0.0000000000000E+00 0.0000000000000E+00
 0.0000000000000E+00 0.0000000000000E+00 0.0000000000000E+00 0.0000000000000E+00
 0.0000000000000E+00 0.0000000000000E+00 0.0000000000000E+00 0.0000000000000E+00
 0.0000000000000E+00 0.0000000000000E+00 0.0000000000000E+00 0.0000000000000E+00
 0.0000000000000E+00 0.0000000000000E+00 0.0000000000000E+00 0.0000000000000E+00
 0.0000000000000E+00 0.0000000000000E+00 0.0000000000000E+00 0.0000000000000E+00
 0.0000000000000E+00 0.0000000000000E+00 0.0000000000000E+00 0.0000000000000E+00
 0.0000000000000E+00 0.0000000000000E+00 0.0000000000000E+00 0.0000000000000E+00
-5.7320331339294E-10-6.7961010687707E-13-9.0632784075644E-13-1.1062792483240E-12
-1.2881808850814E-12-1.4569133633146E-12-1.6155399249618E-12-1.7661276519173E-12
-1.9101480961828E-12-4.5972362288719E-12-4.9010295919599E-12-5.1999439485673E-12
-5.4949629630263E-12-5.7867918190374E-12-6.0759562226505E-12-6.3628177350526E-12
-6.6476513454246E-12-6.9306187021331E-12-7.2118061535556E-12-7.4912726108355E-12
-3.3580176550798E-12-3.4640927282407E-12-3.5685275711058E-12-3.6713665640410E-12
-3.7726516855508E-12-3.8724052805748E-12-3.9706468254081E-12-4.0673877037453E-12
-4.2151072952669E-12-4.4297480388273E-12-4.6263653339705E-12-4.8040420467559E-12
-4.9624126314908E-12-5.1015370548424E-12-5.2218020847934E-12-5.3238222937108E-12
-5.4083938555798E-12-5.4764243025771E-12-5.5289039662375E-12-5.5668590060182E-12
-5.5913354562521E-12-5.6033684947861E-12-5.6039850417859E-12-5.5941729293269E-12
-5.5748846415915E-12-5.5470287958612E-12-5.5114683228124E-12-5.4690165050259E-12
-5.4204339597222E-12-5.3664332183210E-12-4.9954277381949E-12-7.7372431070655E-12
-5.3407184513647E-12-6.9834272439492E-12-8.6888012029561E-12-4.6111846026235E-12
-5.1176153732841E-12-5.6402043886501E-12-6.1731828876847E-12-6.7127138692082E-12
-7.2561071965039E-12-7.8013905066671E-12-8.3470474595147E-12-8.8918789201816E-12
-4.3696000189429E-12-4.5189540783433E-12-4.6692949557840E-12-4.8200924244770E-12
-4.9708618396748E-12-5.0531262410151E-12-4.9580536843338E-12-4.8602376262198E-12
-4.7600183479381E-12-4.6577242679323E-12-4.5536701614215E-12-4.4481579793495E-12
-4.3414723925672E-12-4.2338856632482E-12-4.1256522078391E-12-4.0170050381796E-12
-3.9081580745304E-12-3.7992976454010E-12-3.6905795781448E-12-3.5821211627467E-12
-3.4739927793032E-12-3.3662059610256E-12-5.7440140576436E-12-5.3926429711771E-12
-5.0478331887942E-12-4.7103549419662E-12-4.3808973243002E-12-4.0600172315282E-12
-3.7480594860974E-12-3.4450314601624E-12-3.1503786483426E-12-2.8625807467747E-12
-2.5783438603354E-12-2.2907555165785E-12-1.9841490452534E-12-2.8002600111677E-12
-2.1371386322578E-12-1.1572224896302E-12-2.5826934463821E-13 1.5659946677037E-08
 1.9515723871873E-08 2.2909713921731E-08 2.5803468031330E-08 2.8208674097957E-08
 3.0180107231241E-08 3.1799386497718E-08 3.3157218126623E-08 3.4340288419495E-08
 3.5421987367325E-08 3.6458559229990E-08 3.7493054477934E-08 3.8557925884187E-08
 3.9678080756260E-08 4.0873062838592E-08 4.2158620438882E-08 4.3547838598733E-08
 4.5051959524019E-08 4.6680978629430E-08 4.8444077997158E-08 5.0349941207675E-08
 5.2406980979467E-08 5.4623502238390E-08 5.7007817036940E-08 5.9568323422783E-08
 6.2313557421617E-08 6.5252225435235E-08 6.8393223372890E-08 7.1745648643160E-08
 7.5318811731096E-08 7.9122255538115E-08 8.3165793136242E-08 8.7459578225925E-08
 9.2014227726366E-08 9.6841023002697E-08 1.0195222509942E-07 1.0736155094043E-07
 1.1308487128448E-07 1.1914120675093E-07 1.2555411453914E-07 1.3235357167199E-07
 1.3957846526154E-07 1.4727978566827E-07 1.5552456746270E-07 1.6440050952256E-07
 1.7402099061326E-07 1.8452983009570E-07 1.9610456311686E-07 2.0895614648542E-07
 2.2332185646741E-07 2.3944673304202E-07 2.5754748017956E-07 2.7775173149085E-07
 3.0000590667988E-07 3.2394786420187E-07 3.4874803066397E-07 3.7293683882286E-07
 3.9425924184519E-07 4.0962956149360E-07 4.1529769772089E-07 4.0736262500131E-07
 3.8273559210317E-07 3.4049050408813E-07 2.8320566179288E-07 2.1755436100874E-07
 1.5346012183800E-07 1.0189116189725E-07 7.2348944409803E-08 7.1295746905626E-08
 1.0193095364527E-07 1.6478939385422E-07 2.5841377618811E-07 3.7971402999618E-07
 5.2403712204294E-07 6.8516969795650E-07 8.5552499415060E-07 1.0267520765545E-06
 1.1910387263425E-06 1.3434752250635E-06 1.4859065211442E-06 1.6324350303011E-06
 1.8156506482814E-06 2.0904370372501E-06 2.5298158123127E-06 3.2080509609868E-06
 4.1734994149289E-06 5.4242514274484E-06 6.9022461393754E-06 8.5101605151741E-06
 1.0140186986575E-05 1.1699271032671E-05 1.3122334737641E-05 1.4373920564326E-05
 1.5442982647674E-05 1.6335426220693E-05 1.7067169015673E-05 1.7658822373861E-05
 3.3939614087144E-05
 1.4630861240306E+16 1.2461329835146E+00 4.1808488304403E+07 1.3020902631127E+33
 7.2699991183412E+38 2.5800476362951E+00 4.7320910455061E-01 5.4522358329207E+00
 1.4201658632005E+00 3.6703072661470E-01 1.9740872174064E+09 5.9245083202775E+09
 3.3515628492208E-01-1.1718655130882E-02 1.6646667119558E-03 5.5833341911820E+05
 1.3950308339517E+01-1.0035872026585E+00
