  130.00M!dsun!n L=  6.306L!dsun!n T!deff!n= 55266.0
 201          x   
  5.8206E-02  7.3685E-02  8.4796E-02  9.3822E-02  1.0159E-01  1.0850E-01
  1.1479E-01  1.2060E-01  1.2604E-01  1.3117E-01  1.3605E-01  1.4071E-01
  1.4520E-01  1.4953E-01  1.5372E-01  1.5779E-01  1.6176E-01  1.6564E-01
  1.6944E-01  1.7316E-01  1.7682E-01  1.8042E-01  1.8397E-01  1.8747E-01
  1.9093E-01  1.9435E-01  1.9774E-01  2.0110E-01  2.0444E-01  2.0775E-01
  2.1104E-01  2.1431E-01  2.1757E-01  2.2082E-01  2.2406E-01  2.2729E-01
  2.3051E-01  2.3373E-01  2.3694E-01  2.4016E-01  2.4338E-01  2.4660E-01
  2.4983E-01  2.5306E-01  2.5630E-01  2.5955E-01  2.6282E-01  2.6609E-01
  2.6938E-01  2.7269E-01  2.7601E-01  2.7936E-01  2.8272E-01  2.8611E-01
  2.8952E-01  2.9295E-01  2.9642E-01  2.9991E-01  3.0344E-01  3.0700E-01
  3.1059E-01  3.1423E-01  3.1790E-01  3.2161E-01  3.2537E-01  3.2918E-01
  3.3303E-01  3.3694E-01  3.4090E-01  3.4492E-01  3.4900E-01  3.5314E-01
  3.5735E-01  3.6164E-01  3.6600E-01  3.7044E-01  3.7497E-01  3.7959E-01
  3.8431E-01  3.8913E-01  3.9405E-01  3.9910E-01  4.0427E-01  4.0957E-01
  4.1502E-01  4.2062E-01  4.2639E-01  4.3234E-01  4.3848E-01  4.4484E-01
  4.5143E-01  4.5828E-01  4.6540E-01  4.7284E-01  4.8063E-01  4.8881E-01
  4.9743E-01  5.0656E-01  5.1628E-01  5.2668E-01  5.3790E-01  5.5010E-01
  5.6344E-01  5.7791E-01  5.9352E-01  6.1008E-01  6.2730E-01  6.4486E-01
  6.6238E-01  6.7954E-01  6.9606E-01  7.1177E-01  7.2665E-01  7.4075E-01
  7.5411E-01  7.6676E-01  7.7876E-01  7.9013E-01  8.0091E-01  8.1112E-01
  8.2079E-01  8.2996E-01  8.3865E-01  8.4689E-01  8.5469E-01  8.6209E-01
  8.6910E-01  8.7575E-01  8.8205E-01  8.8802E-01  8.9368E-01  8.9905E-01
  9.0415E-01  9.0898E-01  9.1356E-01  9.1791E-01  9.2204E-01  9.2597E-01
  9.2969E-01  9.3323E-01  9.3659E-01  9.3978E-01  9.4282E-01  9.4571E-01
  9.4845E-01  9.5107E-01  9.5355E-01  9.5592E-01  9.5818E-01  9.6033E-01
  9.6238E-01  9.6433E-01  9.6620E-01  9.6798E-01  9.6969E-01  9.7132E-01
  9.7289E-01  9.7439E-01  9.7584E-01  9.7723E-01  9.7857E-01  9.7986E-01
  9.8111E-01  9.8231E-01  9.8347E-01  9.8459E-01  9.8565E-01  9.8666E-01
  9.8762E-01  9.8851E-01  9.8935E-01  9.9014E-01  9.9087E-01  9.9155E-01
  9.9219E-01  9.9279E-01  9.9335E-01  9.9388E-01  9.9438E-01  9.9486E-01
  9.9531E-01  9.9573E-01  9.9614E-01  9.9652E-01  9.9687E-01  9.9720E-01
  9.9751E-01  9.9779E-01  9.9805E-01  9.9829E-01  9.9850E-01  9.9871E-01
  9.9889E-01  9.9907E-01  9.9923E-01  9.9939E-01  9.9953E-01  9.9966E-01
  9.9979E-01  9.9990E-01  1.0000E+00
 200          t   
  4.1521E+07  4.1173E+07  4.0865E+07  4.0580E+07  4.0312E+07  4.0057E+07
  3.9811E+07  3.9572E+07  3.9340E+07  3.9113E+07  3.8890E+07  3.8671E+07
  3.8455E+07  3.8241E+07  3.8030E+07  3.7821E+07  3.7613E+07  3.7406E+07
  3.7201E+07  3.6996E+07  3.6793E+07  3.6590E+07  3.6387E+07  3.6185E+07
  3.5983E+07  3.5781E+07  3.5579E+07  3.5377E+07  3.5174E+07  3.4972E+07
  3.4769E+07  3.4565E+07  3.4361E+07  3.4156E+07  3.3951E+07  3.3745E+07
  3.3538E+07  3.3330E+07  3.3121E+07  3.2911E+07  3.2700E+07  3.2488E+07
  3.2275E+07  3.2060E+07  3.1844E+07  3.1627E+07  3.1408E+07  3.1187E+07
  3.0965E+07  3.0742E+07  3.0516E+07  3.0289E+07  3.0060E+07  2.9828E+07
  2.9595E+07  2.9360E+07  2.9122E+07  2.8883E+07  2.8640E+07  2.8396E+07
  2.8149E+07  2.7899E+07  2.7646E+07  2.7391E+07  2.7132E+07  2.6871E+07
  2.6606E+07  2.6339E+07  2.6067E+07  2.5792E+07  2.5514E+07  2.5231E+07
  2.4944E+07  2.4654E+07  2.4358E+07  2.4058E+07  2.3754E+07  2.3444E+07
  2.3128E+07  2.2808E+07  2.2481E+07  2.2148E+07  2.1808E+07  2.1461E+07
  2.1107E+07  2.0745E+07  2.0375E+07  1.9995E+07  1.9605E+07  1.9206E+07
  1.8794E+07  1.8370E+07  1.7933E+07  1.7481E+07  1.7012E+07  1.6525E+07
  1.6018E+07  1.5487E+07  1.4929E+07  1.4339E+07  1.3713E+07  1.3043E+07
  1.2331E+07  1.1600E+07  1.0849E+07  1.0094E+07  9.3512E+06  8.6361E+06
  7.9616E+06  7.3363E+06  6.7642E+06  6.2442E+06  5.7715E+06  5.3408E+06
  4.9475E+06  4.5877E+06  4.2580E+06  3.9553E+06  3.6770E+06  3.4207E+06
  3.1845E+06  2.9665E+06  2.7650E+06  2.5787E+06  2.4061E+06  2.2462E+06
  2.0979E+06  1.9602E+06  1.8323E+06  1.7134E+06  1.6028E+06  1.4999E+06
  1.4040E+06  1.3146E+06  1.2313E+06  1.1536E+06  1.0810E+06  1.0133E+06
  9.4997E+05  8.9083E+05  8.3553E+05  7.8382E+05  7.3545E+05  6.9017E+05
  6.4779E+05  6.0810E+05  5.7094E+05  5.3612E+05  5.0350E+05  4.7293E+05
  4.4428E+05  4.1744E+05  3.9228E+05  3.6869E+05  3.4659E+05  3.2588E+05
  3.0647E+05  2.8827E+05  2.7119E+05  2.5517E+05  2.4011E+05  2.2594E+05
  2.1259E+05  1.9998E+05  1.8804E+05  1.7674E+05  1.6602E+05  1.5588E+05
  1.4629E+05  1.3725E+05  1.2876E+05  1.2083E+05  1.1342E+05  1.0654E+05
  1.0017E+05  9.4264E+04  8.8817E+04  8.3795E+04  7.9175E+04  7.4931E+04
  7.1042E+04  6.7490E+04  6.4260E+04  6.1344E+04  5.8736E+04  5.6433E+04
  5.4435E+04  5.2736E+04  5.1323E+04  5.0175E+04  4.9263E+04  4.8549E+04
  4.7998E+04  4.7576E+04  4.7255E+04  4.7010E+04  4.6824E+04  4.6683E+04
  4.6574E+04  4.6491E+04
 200          p   
  1.4249E+16  1.3793E+16  1.3398E+16  1.3040E+16  1.2711E+16  1.2402E+16
  1.2110E+16  1.1832E+16  1.1566E+16  1.1310E+16  1.1063E+16  1.0823E+16
  1.0591E+16  1.0366E+16  1.0146E+16  9.9321E+15  9.7228E+15  9.5182E+15
  9.3179E+15  9.1217E+15  8.9292E+15  8.7404E+15  8.5549E+15  8.3727E+15
  8.1936E+15  8.0174E+15  7.8440E+15  7.6733E+15  7.5053E+15  7.3397E+15
  7.1766E+15  7.0158E+15  6.8573E+15  6.7010E+15  6.5469E+15  6.3948E+15
  6.2448E+15  6.0968E+15  5.9508E+15  5.8066E+15  5.6644E+15  5.5240E+15
  5.3854E+15  5.2486E+15  5.1136E+15  4.9803E+15  4.8487E+15  4.7189E+15
  4.5907E+15  4.4642E+15  4.3393E+15  4.2161E+15  4.0945E+15  3.9746E+15
  3.8562E+15  3.7395E+15  3.6243E+15  3.5108E+15  3.3988E+15  3.2884E+15
  3.1796E+15  3.0724E+15  2.9668E+15  2.8627E+15  2.7603E+15  2.6594E+15
  2.5601E+15  2.4624E+15  2.3663E+15  2.2718E+15  2.1790E+15  2.0877E+15
  1.9981E+15  1.9101E+15  1.8237E+15  1.7390E+15  1.6560E+15  1.5746E+15
  1.4949E+15  1.4169E+15  1.3406E+15  1.2661E+15  1.1933E+15  1.1222E+15
  1.0529E+15  9.8540E+14  9.1971E+14  8.5584E+14  7.9381E+14  7.3366E+14
  6.7539E+14  6.1905E+14  5.6464E+14  5.1220E+14  4.6177E+14  4.1337E+14
  3.6703E+14  3.2281E+14  2.8075E+14  2.4088E+14  2.0328E+14  1.6814E+14
  1.3591E+14  1.0721E+14  8.2559E+13  6.2188E+13  4.5986E+13  3.3543E+13
  2.4265E+13  1.7502E+13  1.2643E+13  9.1695E+12  6.6804E+12  4.8873E+12
  3.5892E+12  2.6454E+12  1.9562E+12  1.4510E+12  1.0793E+12  8.0501E+11
  6.0188E+11  4.5105E+11  3.3873E+11  2.5489E+11  1.9215E+11  1.4511E+11
  1.0976E+11  8.3144E+10  6.3071E+10  4.7907E+10  3.6434E+10  2.7740E+10
  2.1143E+10  1.6131E+10  1.2319E+10  9.4155E+09  7.2025E+09  5.5139E+09
  4.2243E+09  3.2385E+09  2.4843E+09  1.9069E+09  1.4645E+09  1.1254E+09
  8.6518E+08  6.6546E+08  5.1207E+08  3.9420E+08  3.0358E+08  2.3388E+08
  1.8024E+08  1.3895E+08  1.0715E+08  8.2647E+07  6.3767E+07  4.9213E+07
  3.7990E+07  2.9333E+07  2.2654E+07  1.7500E+07  1.3522E+07  1.0451E+07
  8.0796E+06  6.2482E+06  4.8335E+06  3.7405E+06  2.8958E+06  2.2430E+06
  1.7383E+06  1.3480E+06  1.0461E+06  8.1260E+05  6.3188E+05  4.9201E+05
  3.8373E+05  2.9990E+05  2.3499E+05  1.8472E+05  1.4578E+05  1.1562E+05
  9.2253E+04  7.4149E+04  6.0122E+04  4.9251E+04  4.0827E+04  3.4298E+04
  2.9236E+04  2.5313E+04  2.2271E+04  1.9912E+04  1.8083E+04  1.6665E+04
  1.5565E+04  1.4712E+04  1.4050E+04  1.3537E+04  1.3139E+04  1.2830E+04
  1.2591E+04  1.2405E+04
 200          rho 
  8.7630E-02  7.7695E-02  6.8800E-02  6.0538E-02  5.2707E-02  4.5189E-02
  3.7907E-02  3.0809E-02  2.3854E-02  1.7015E-02  1.0266E-02  3.5896E-03
 -3.0297E-03 -9.6051E-03 -1.6148E-02 -2.2667E-02 -2.9171E-02 -3.5667E-02
 -4.2163E-02 -4.8664E-02 -5.5176E-02 -6.1704E-02 -6.8253E-02 -7.4826E-02
 -8.1430E-02 -8.8066E-02 -9.4740E-02 -1.0146E-01 -1.0822E-01 -1.1502E-01
 -1.2188E-01 -1.2880E-01 -1.3577E-01 -1.4281E-01 -1.4991E-01 -1.5708E-01
 -1.6432E-01 -1.7164E-01 -1.7903E-01 -1.8651E-01 -1.9408E-01 -2.0173E-01
 -2.0948E-01 -2.1732E-01 -2.2527E-01 -2.3332E-01 -2.4149E-01 -2.4976E-01
 -2.5816E-01 -2.6667E-01 -2.7532E-01 -2.8410E-01 -2.9301E-01 -3.0207E-01
 -3.1128E-01 -3.2065E-01 -3.3018E-01 -3.3987E-01 -3.4974E-01 -3.5980E-01
 -3.7004E-01 -3.8048E-01 -3.9113E-01 -4.0200E-01 -4.1309E-01 -4.2442E-01
 -4.3600E-01 -4.4784E-01 -4.5995E-01 -4.7234E-01 -4.8504E-01 -4.9805E-01
 -5.1139E-01 -5.2508E-01 -5.3915E-01 -5.5360E-01 -5.6847E-01 -5.8378E-01
 -5.9956E-01 -6.1583E-01 -6.3264E-01 -6.5001E-01 -6.6799E-01 -6.8663E-01
 -7.0597E-01 -7.2607E-01 -7.4700E-01 -7.6882E-01 -7.9163E-01 -8.1551E-01
 -8.4059E-01 -8.6698E-01 -8.9483E-01 -9.2434E-01 -9.5570E-01 -9.8920E-01
 -1.0251E+00 -1.0639E+00 -1.1061E+00 -1.1524E+00 -1.2036E+00 -1.2608E+00
 -1.3249E+00 -1.3990E+00 -1.4814E+00 -1.5715E+00 -1.6681E+00 -1.7698E+00
 -1.8746E+00 -1.9809E+00 -2.0870E+00 -2.1921E+00 -2.2960E+00 -2.3988E+00
 -2.5005E+00 -2.6013E+00 -2.7010E+00 -2.8000E+00 -2.8981E+00 -2.9955E+00
 -3.0922E+00 -3.1883E+00 -3.2838E+00 -3.3788E+00 -3.4733E+00 -3.5673E+00
 -3.6610E+00 -3.7543E+00 -3.8472E+00 -3.9399E+00 -4.0323E+00 -4.1245E+00
 -4.2164E+00 -4.3082E+00 -4.3998E+00 -4.4913E+00 -4.5826E+00 -4.6739E+00
 -4.7650E+00 -4.8561E+00 -4.9471E+00 -5.0381E+00 -5.1290E+00 -5.2199E+00
 -5.3109E+00 -5.4018E+00 -5.4928E+00 -5.5839E+00 -5.6751E+00 -5.7663E+00
 -5.8578E+00 -5.9494E+00 -6.0414E+00 -6.1336E+00 -6.2263E+00 -6.3194E+00
 -6.4131E+00 -6.5074E+00 -6.6022E+00 -6.6976E+00 -6.7933E+00 -6.8891E+00
 -6.9846E+00 -7.0794E+00 -7.1727E+00 -7.2640E+00 -7.3528E+00 -7.4391E+00
 -7.5230E+00 -7.6051E+00 -7.6860E+00 -7.7664E+00 -7.8471E+00 -7.9285E+00
 -8.0110E+00 -8.0947E+00 -8.1798E+00 -8.2661E+00 -8.3532E+00 -8.4407E+00
 -8.5279E+00 -8.6140E+00 -8.6982E+00 -8.7799E+00 -8.8587E+00 -8.9347E+00
 -9.0087E+00 -9.0817E+00 -9.1551E+00 -9.2300E+00 -9.3068E+00 -9.3857E+00
 -9.4663E+00 -9.5477E+00 -9.6290E+00 -9.7091E+00 -9.7869E+00 -9.8612E+00
 -9.9311E+00 -9.9959E+00
 201          1-q 
  2.1903E-03  4.4140E-03  6.6718E-03  8.9644E-03  1.1292E-02  1.3657E-02
  1.6058E-02  1.8497E-02  2.0975E-02  2.3492E-02  2.6050E-02  2.8649E-02
  3.1290E-02  3.3974E-02  3.6702E-02  3.9475E-02  4.2294E-02  4.5161E-02
  4.8075E-02  5.1039E-02  5.4054E-02  5.7121E-02  6.0240E-02  6.3415E-02
  6.6645E-02  6.9932E-02  7.3277E-02  7.6683E-02  8.0151E-02  8.3682E-02
  8.7278E-02  9.0941E-02  9.4673E-02  9.8475E-02  1.0235E-01  1.0630E-01
  1.1032E-01  1.1443E-01  1.1862E-01  1.2288E-01  1.2724E-01  1.3169E-01
  1.3622E-01  1.4085E-01  1.4558E-01  1.5041E-01  1.5534E-01  1.6038E-01
  1.6553E-01  1.7080E-01  1.7618E-01  1.8169E-01  1.8732E-01  1.9309E-01
  1.9899E-01  2.0504E-01  2.1123E-01  2.1758E-01  2.2409E-01  2.3076E-01
  2.3761E-01  2.4464E-01  2.5185E-01  2.5927E-01  2.6688E-01  2.7472E-01
  2.8277E-01  2.9107E-01  2.9961E-01  3.0841E-01  3.1749E-01  3.2685E-01
  3.3652E-01  3.4651E-01  3.5684E-01  3.6753E-01  3.7860E-01  3.9008E-01
  4.0199E-01  4.1436E-01  4.2722E-01  4.4061E-01  4.5457E-01  4.6914E-01
  4.8438E-01  5.0033E-01  5.1706E-01  5.3463E-01  5.5314E-01  5.7267E-01
  5.9334E-01  6.1526E-01  6.3858E-01  6.6349E-01  6.9019E-01  7.1893E-01
  7.5004E-01  7.8389E-01  8.2100E-01  8.6201E-01  9.0778E-01  9.5950E-01
  1.0184E+00  1.0854E+00  1.1610E+00  1.2451E+00  1.3372E+00  1.4360E+00
  1.5402E+00  1.6479E+00  1.7575E+00  1.8676E+00  1.9776E+00  2.0877E+00
  2.1978E+00  2.3079E+00  2.4180E+00  2.5280E+00  2.6381E+00  2.7482E+00
  2.8583E+00  2.9684E+00  3.0784E+00  3.1885E+00  3.2986E+00  3.4087E+00
  3.5188E+00  3.6289E+00  3.7389E+00  3.8490E+00  3.9591E+00  4.0692E+00
  4.1793E+00  4.2893E+00  4.3994E+00  4.5095E+00  4.6196E+00  4.7297E+00
  4.8397E+00  4.9498E+00  5.0599E+00  5.1700E+00  5.2801E+00  5.3902E+00
  5.5002E+00  5.6103E+00  5.7204E+00  5.8305E+00  5.9406E+00  6.0506E+00
  6.1607E+00  6.2708E+00  6.3809E+00  6.4910E+00  6.6010E+00  6.7111E+00
  6.8212E+00  6.9313E+00  7.0414E+00  7.1515E+00  7.2615E+00  7.3716E+00
  7.4817E+00  7.5918E+00  7.7019E+00  7.8120E+00  7.9221E+00  8.0322E+00
  8.1423E+00  8.2524E+00  8.3625E+00  8.4727E+00  8.5828E+00  8.6930E+00
  8.8032E+00  8.9134E+00  9.0237E+00  9.1340E+00  9.2444E+00  9.3549E+00
  9.4655E+00  9.5763E+00  9.6872E+00  9.7984E+00  9.9100E+00  1.0022E+01
  1.0134E+01  1.0248E+01  1.0362E+01  1.0477E+01  1.0594E+01  1.0714E+01
  1.0836E+01  1.0962E+01  1.1094E+01  1.1234E+01  1.1386E+01  1.1556E+01
  1.1759E+01  1.2029E+01  1.2506E+01
 200          g1  
  1.4203E+00  1.4204E+00  1.4205E+00  1.4206E+00  1.4207E+00  1.4208E+00
  1.4209E+00  1.4210E+00  1.4211E+00  1.4212E+00  1.4213E+00  1.4214E+00
  1.4214E+00  1.4215E+00  1.4216E+00  1.4217E+00  1.4218E+00  1.4219E+00
  1.4219E+00  1.4220E+00  1.4221E+00  1.4222E+00  1.4223E+00  1.4224E+00
  1.4224E+00  1.4225E+00  1.4226E+00  1.4227E+00  1.4228E+00  1.4229E+00
  1.4230E+00  1.4231E+00  1.4232E+00  1.4233E+00  1.4233E+00  1.4234E+00
  1.4235E+00  1.4236E+00  1.4237E+00  1.4238E+00  1.4239E+00  1.4240E+00
  1.4241E+00  1.4242E+00  1.4244E+00  1.4245E+00  1.4246E+00  1.4247E+00
  1.4248E+00  1.4249E+00  1.4250E+00  1.4252E+00  1.4253E+00  1.4254E+00
  1.4255E+00  1.4257E+00  1.4258E+00  1.4259E+00  1.4261E+00  1.4262E+00
  1.4264E+00  1.4265E+00  1.4267E+00  1.4268E+00  1.4270E+00  1.4271E+00
  1.4273E+00  1.4275E+00  1.4276E+00  1.4278E+00  1.4280E+00  1.4282E+00
  1.4284E+00  1.4286E+00  1.4288E+00  1.4290E+00  1.4293E+00  1.4295E+00
  1.4297E+00  1.4300E+00  1.4302E+00  1.4305E+00  1.4308E+00  1.4311E+00
  1.4314E+00  1.4317E+00  1.4320E+00  1.4324E+00  1.4327E+00  1.4331E+00
  1.4335E+00  1.4339E+00  1.4344E+00  1.4349E+00  1.4354E+00  1.4360E+00
  1.4366E+00  1.4373E+00  1.4380E+00  1.4389E+00  1.4398E+00  1.4409E+00
  1.4421E+00  1.4428E+00  1.4435E+00  1.4440E+00  1.4444E+00  1.4447E+00
  1.4448E+00  1.4449E+00  1.4448E+00  1.4447E+00  1.4445E+00  1.4443E+00
  1.4440E+00  1.4437E+00  1.4433E+00  1.4430E+00  1.4425E+00  1.4421E+00
  1.4416E+00  1.4411E+00  1.4406E+00  1.4401E+00  1.4395E+00  1.4389E+00
  1.4383E+00  1.4377E+00  1.4370E+00  1.4363E+00  1.4356E+00  1.4348E+00
  1.4341E+00  1.4333E+00  1.4325E+00  1.4316E+00  1.4308E+00  1.4299E+00
  1.4290E+00  1.4280E+00  1.4271E+00  1.4261E+00  1.4251E+00  1.4241E+00
  1.4231E+00  1.4220E+00  1.4209E+00  1.4198E+00  1.4187E+00  1.4175E+00
  1.4163E+00  1.4151E+00  1.4138E+00  1.4124E+00  1.4110E+00  1.4096E+00
  1.4080E+00  1.4064E+00  1.4047E+00  1.4030E+00  1.4012E+00  1.3995E+00
  1.3978E+00  1.3962E+00  1.3949E+00  1.3939E+00  1.3931E+00  1.3927E+00
  1.3926E+00  1.3927E+00  1.3929E+00  1.3932E+00  1.3933E+00  1.3934E+00
  1.3931E+00  1.3927E+00  1.3920E+00  1.3909E+00  1.3897E+00  1.3882E+00
  1.3866E+00  1.3848E+00  1.3830E+00  1.3812E+00  1.3793E+00  1.3773E+00
  1.3751E+00  1.3727E+00  1.3699E+00  1.3668E+00  1.3635E+00  1.3601E+00
  1.3568E+00  1.3537E+00  1.3509E+00  1.3484E+00  1.3462E+00  1.3444E+00
  1.3429E+00  1.3417E+00
